10	23.2507092704
10.2902902903	22.3810689722
10.5805805806	22.1801480737
10.8708708709	22.2755525202
11.1611611612	21.6427553108
11.4514514515	21.7349217604
11.7417417417	21.4943898734
12.032032032	20.9095129694
12.3223223223	20.8940062486
12.6126126126	20.744389852
12.9029029029	20.4013413348
13.1931931932	21.2712628085
13.4834834835	20.1598115765
13.7737737738	19.8708290785
14.0640640641	20.1063672566
14.3543543544	19.4943616408
14.6446446446	19.5021923793
14.9349349349	19.6788360763
15.2252252252	18.74752135
15.5155155155	19.178151337
15.8058058058	18.932335011
16.0960960961	18.3093783647
16.3863863864	18.756533539
16.6766766767	18.278253146
16.966966967	17.926252275
17.2572572573	18.3668154892
17.5475475475	17.2358927987
17.8378378378	17.7669900851
18.1281281281	17.9314319133
18.4184184184	16.9720051978
18.7087087087	17.4639518952
18.998998999	17.3033032818
19.2892892893	16.5695446681
19.5795795796	17.1417340872
19.8698698699	16.8296192135
20.1601601602	16.205515782
20.4504504505	16.8750946487
20.7407407407	16.3616558341
21.031031031	15.953527709
21.3213213213	16.5048326967
21.6116116116	15.5791426858
21.9019019019	15.585738882
22.1921921922	15.9856261089
22.4824824825	15.0882236005
22.7727727728	15.508071157
23.0630630631	15.8622668832
23.3533533534	14.6477075322
23.6436436436	15.4462111522
23.9339339339	14.9201268394
24.2242242242	14.385070986
24.5145145145	15.1779112478
24.8048048048	14.3760037314
25.0950950951	14.2549627284
25.3853853854	14.7668584603
25.6756756757	13.9241619529
25.965965966	14.156074595
26.2562562563	14.5655283617
26.5465465465	13.3940611816
26.8368368368	14.1714429172
27.1271271271	13.9425265682
27.4174174174	13.1142774888
27.7077077077	14.0556493445
27.997997998	13.3819960348
28.2882882883	12.9217217927
28.5785785786	13.7826806458
28.8688688689	12.8209505633
29.1591591592	12.7730338705
29.4494494494	13.4670330101
29.7397397397	12.230639941
30.03003003	12.9023160359
30.3203203203	13.0441354767
30.6106106106	11.6696423786
30.9009009009	12.8267997796
31.1911911912	12.6224810327
31.4814814815	11.7014640589
31.7717717718	13.1127768177
32.0620620621	12.301039867
32.3523523524	11.7454377881
32.6426426426	12.6992361711
32.9329329329	12.0032395568
33.2232232232	17.4699933993
33.5135135135	11.5926490478
33.8038038038	11.0597196098
34.0940940941	11.560399884
34.3843843844	11.6494221217
34.6746746747	10.4917437015
34.964964965	11.8471347262
35.2552552553	11.1841278987
35.5455455455	10.4297084115
35.8358358358	11.5257449249
36.1261261261	10.6952376692
36.4164164164	10.4799496954
36.7067067067	11.3334720202
36.996996997	10.2930717935
37.2872872873	10.4712672304
37.5775775776	11.1309158865
37.8678678679	9.8349806742
38.1581581582	10.5770628966
38.4484484484	10.6672640746
38.7387387387	9.5914927538
39.029029029	10.6145366784
39.3193193193	10.1559776767
39.6096096096	9.3942908196
39.8998998999	10.4587442777
40.1901901902	9.5950451482
40.4804804805	9.035725668
40.7707707708	10.2551179504
41.0610610611	9.2277675742
41.3513513514	9.5281768853
41.6416416416	10.0016898137
41.9319319319	8.7132072814
42.2222222222	9.5589055922
42.5125125125	9.5077650548
42.8028028028	8.337417603
43.0930930931	9.2036670967
43.3833833834	9.2913914727
43.6736736737	8.4811271604
43.963963964	9.4375704155
44.2542542543	8.5641895356
44.5445445445	8.4202880338
44.8348348348	9.2872549858
45.1251251251	8.0415439172
45.4154154154	8.498833294
45.7057057057	8.9397535746
45.995995996	7.6385695435
46.2862862863	8.5865708539
46.5765765766	8.4892749905
46.8668668669	7.4424162972
47.1571571572	8.6062766197
47.4474474474	8.0006141034
47.7377377377	7.3908822621
48.028028028	8.4771207304
48.3183183183	7.5060961563
48.6086086086	7.4678767338
48.8988988989	8.2828999725
49.1891891892	7.0888347068
49.4794794795	7.6652354699
49.7697697698	7.9878394324
50.0600600601	6.7428497427
50.3503503504	7.7093994197
50.6406406406	7.5717140796
50.9309309309	6.5529757877
51.2212212212	7.4994396339
51.5115115115	7.1163942196
51.8018018018	6.5652561464
52.0920920921	7.6558857817
52.3823823824	7.1872629188
52.6726726727	6.662445223
52.962962963	7.4236470026
53.2532532533	6.2232939585
53.5435435435	6.8181244522
53.8338338338	7.1319165476
54.1241241241	5.9505243923
54.4144144144	6.9471845213
54.7047047047	6.744553723
54.994994995	5.844201235
55.2852852853	6.9951272286
55.5755755756	6.2926310689
55.8658658659	5.9247790075
56.1561561562	6.9324817462
56.4464464464	5.8863111857
56.7367367367	6.053493179
57.027027027	6.7619230035
57.3173173173	5.5482757313
57.6076076076	6.239649636
57.8978978979	6.4991636282
58.1881881882	5.2960054623
58.4784784785	6.4317975223
58.7687687688	6.1467177735
59.0590590591	5.4478726384
59.3493493493	6.4991036464
59.6396396396	5.803537994
59.9299299299	5.4968295998
60.2202202202	6.507237833
60.5105105105	5.4878088022
60.8008008008	5.7576544152
61.0910910911	6.4467894927
61.3813813814	5.2496833154
61.6716716717	6.1311675489
61.961961962	6.2875042492
62.2522522523	5.2447612457
62.5425425425	6.3465839516
62.8328328328	6.1277596472
63.1231231231	5.4841636303
63.4134134134	6.6236329865
63.7037037037	5.9611956094
63.993993994	5.8508964914
64.2842842843	6.8650565349
64.5745745746	5.958598122
64.8648648649	6.3538207328
65.1551551552	7.0863586721
65.4454454454	6.0437006593
65.7357357357	7.0139312705
66.026026026	7.3064766944
66.3163163163	6.4782754627
66.6066066066	7.7180400016
66.8968968969	7.6149831818
67.1871871872	7.192203724
67.4774774775	8.5467721687
67.7677677678	8.0801137552
68.0580580581	8.2321464684
68.3483483483	9.4866162133
68.6386386386	8.8121686659
68.9289289289	9.5831288626
69.2192192192	10.5682364559
69.5095095095	9.9503514042
69.7997997998	11.2610387004
70.0900900901	11.9507439695
70.3803803804	11.6414728088
70.6706706707	13.3874103417
70.960960961	13.7972367988
71.2512512513	14.0800689957
71.5415415415	16.1256911158
71.8318318318	16.4832871945
72.1221221221	17.6959791401
72.4124124124	20.0556835254
72.7027027027	20.9072747107
72.992992993	23.6804220329
73.2832832833	27.386114518
73.5735735736	31.4994671955
73.8638638639	46.5609402928
74.1541541542	36.6841979666
74.4444444444	28.5419242582
74.7347347347	25.6557420809
75.025025025	22.5357003334
75.3153153153	21.0947591902
75.6056056056	19.6312920904
75.8958958959	17.4433822119
76.1861861862	16.2017678137
76.4764764765	15.8805867904
76.7667667668	13.9161953374
77.0570570571	13.4188463317
77.3473473473	12.8867302267
77.6376376376	10.8998933977
77.9279279279	10.5474924098
78.2182182182	8.9798622474
78.5085085085	5.6119330355
78.7987987988	5.1472262353
79.0890890891	27.0214104701
79.3793793794	19.0835022085
79.6696696697	15.9716257806
79.95995996	13.5011767288
80.2502502503	12.4812243015
80.5405405405	12.4452183539
80.8308308308	10.9385358911
81.1211211211	10.9469261086
81.4114114114	10.844504043
81.7017017017	9.6192983736
81.991991992	10.0840440445
82.2822822823	9.767329044
82.5725725726	8.7954089151
82.8628628629	9.4906197767
83.1531531532	8.8365570879
83.4434434434	8.2865595766
83.7337337337	8.9627752977
84.024024024	8.0653117418
84.3143143143	7.9718759236
84.6046046046	8.4558663351
84.8948948949	7.4213525093
85.1851851852	7.7690968073
85.4754754755	7.9317252773
85.7657657658	6.9850054381
86.0560560561	7.6102171795
86.3463463463	7.4384122655
86.6366366366	6.6835011875
86.9269269269	7.4692349326
87.2172172172	6.9571248385
87.5075075075	6.5948449233
87.7977977978	7.2640057488
88.0880880881	6.5067215492
88.3783783784	7.1883024253
88.6686686687	6.9229481241
88.958958959	6.0832037482
89.2492492492	6.5735170964
89.5395395395	6.7416764727
89.8298298298	5.9299565728
90.1201201201	6.6275325998
90.4104104104	6.4819833519
90.7007007007	5.9045948239
90.990990991	6.7129684361
91.2812812813	6.2698845574
91.5715715716	6.0227240848
91.8618618619	6.7864072796
92.1521521522	6.1491521505
92.4424424424	6.3471659936
92.7327327327	6.9472068163
93.023023023	6.2870181245
93.3133133133	6.9085382182
93.6036036036	7.297644753
93.8938938939	6.8496982839
94.1841841842	7.8974719352
94.4744744745	8.2112239866
94.7647647648	8.3273381805
95.0550550551	9.8803641589
95.3453453453	10.5860312933
95.6356356356	12.3340562898
95.9259259259	14.6914571869
96.2162162162	17.336103187
96.5065065065	23.2887203531
96.7967967968	49.5696021228
97.0870870871	24.084946286
97.3773773774	18.6407344177
97.6676676677	15.5622076749
97.957957958	12.8727097522
98.2482482482	12.0605710413
98.5385385385	10.8237546756
98.8288288288	9.5894877844
99.1191191191	9.6375016022
99.4094094094	8.7205237108
99.6996996997	8.1923805276
99.98998999	8.4490804071
100.2802802803	7.5643710175
100.5705705706	7.5657635981
100.8608608609	7.7786656732
101.1511511512	6.9631645917
101.4414414414	7.3004115661
101.7317317317	7.3261119469
102.022022022	6.7295009869
102.3123123123	7.3674645053
102.6026026026	7.0148371573
102.8928928929	7.3125533991
103.1831831832	12.3051101207
103.4734734735	8.4942812171
103.7637637638	6.5807369736
104.0540540541	6.8473254184
104.3443443443	6.3061387884
104.6346346346	6.4435897945
104.9249249249	6.7956756262
105.2152152152	6.1769622013
105.5055055055	6.7590557379
105.7957957958	6.3983309464
106.0860860861	6.0199718881
106.3763763764	5.526840037
106.6666666667	6.4373612046
106.956956957	6.5343218273
107.2472472473	6.8760274775
107.5375375375	6.5369632551
107.8278278278	6.4596112039
108.1181181181	6.9247836957
108.4084084084	6.4672507108
108.6986986987	6.7023006759
108.988988989	6.9957024716
109.2792792793	6.5405294188
109.5695695696	6.9972123487
109.8598598599	7.0931794213
110.1501501502	6.7387947547
110.4404404404	7.2674048789
110.7307307307	7.1937544516
111.021021021	7.0942528295
111.3113113113	7.8260833789
111.6016016016	8.516366127
111.8918918919	17.4430903085
112.1821821822	8.0637839883
112.4724724725	7.3421287772
112.7627627628	7.6005043111
113.0530530531	7.8820674412
113.3433433433	7.5812881011
113.6336336336	8.3514427971
113.9239239239	7.8891021209
114.2142142142	8.2333961433
114.5045045045	8.040914134
114.7947947948	8.092626109
115.0850850851	7.964200141
115.3753753754	3.6723077143
115.6656656657	8.8191261252
115.955955956	8.8575304973
116.2462462463	9.4152367423
116.5365365365	9.0843977211
116.8268268268	9.5260548037
117.1171171171	9.855980516
117.4074074074	9.7360787967
117.6976976977	10.1222803462
117.987987988	10.5462671921
118.2782782783	10.599291788
118.5685685686	11.2663077203
118.8588588589	11.4705453711
119.1491491492	11.7936883532
119.4394394394	12.641971386
119.7297297297	12.9269477574
120.02002002	13.625735863
120.3103103103	14.7569223908
120.6006006006	15.5967669265
120.8908908909	17.5639180918
121.1811811812	21.556025087
121.4714714715	24.9748243213
121.7617617618	36.5768593334
122.0520520521	9.2012113933
122.3423423423	15.2436744544
122.6326326326	20.2359478543
122.9229229229	24.5527850196
123.2132132132	28.5930062864
123.5035035035	18.5079799741
123.7937937938	12.5474491456
124.0840840841	8.1442445052
124.3743743744	5.329806641
124.6646646647	4.5561457297
124.954954955	6.0690406011
125.2452452453	8.075515306
125.5355355355	10.0815948379
125.8258258258	12.6165376415
126.1161161161	15.4600382042
126.4064064064	19.3874272995
126.6966966967	27.5776757834
126.986986987	31.0150631971
127.2772772773	19.0539004425
127.5675675676	13.304174472
127.8578578579	8.2923483597
128.1481481482	15.7809977896
128.4384384384	4.4846155978
128.7287287287	4.1375629349
129.019019019	9.4372591534
129.3093093093	23.5953422305
129.5995995996	20.1695898847
129.8898898899	-3.8831545634
130.1801801802	0.0499968294
130.4704704705	3.1221342558
130.7607607608	6.2377271828
131.0510510511	9.0848653904
131.3413413413	12.1931934546
131.6316316316	16.3173316545
131.9219219219	23.4759035407
132.2122122122	28.0725491392
132.5025025025	14.0788529578
132.7927927928	23.2442479558
133.0830830831	16.1452984772
133.3733733734	12.9650334516
133.6636636637	11.0421815584
133.953953954	9.9788600099
134.2442442442	9.5934085602
134.5345345345	9.7113540203
134.8248248248	10.2740823839
135.1151151151	11.1660961779
135.4054054054	12.322281117
135.6956956957	13.7039249053
135.985985986	15.384665831
136.2762762763	17.3206649545
136.5665665666	19.7173201017
136.8568568569	22.9476705367
137.1471471472	27.6472773174
137.4374374374	38.039326079
137.7277277277	36.3403312181
138.018018018	28.4088440242
138.3083083083	23.1558787759
138.5985985986	19.9689720725
138.8888888889	18.0683235536
139.1791791792	16.4285626725
139.4694694695	14.8595967048
139.7597597598	13.2114952502
140.0500500501	11.6784571197
140.3403403403	9.4365026418
140.6306306306	5.3432508053
140.9209209209	9.5665488772
141.2112112112	28.1581589694
141.5015015015	17.0490959901
141.7917917918	14.4965387111
142.0820820821	9.9731922558
142.3723723724	12.4107866474
142.6626626627	11.3816335309
142.952952953	10.3490258979
143.2432432432	9.781549269
143.5335335335	9.0455857411
143.8238238238	8.0535461917
144.1141141141	7.4145825659
144.4044044044	6.0700520411
144.6946946947	3.964072387
144.984984985	4.7922339253
145.2752752753	28.8747610276
145.5655655656	13.230925143
145.8558558559	11.9474643825
146.1461461462	9.5104097764
146.4364364364	8.4955670943
146.7267267267	7.8831933358
147.017017017	6.7989179916
147.3073073073	6.293512363
147.5975975976	4.4727783886
147.8878878879	9.5213249375
148.1781781782	6.2582545817
148.4684684685	4.9572268079
148.7587587588	3.9506614241
149.0490490491	3.9771354012
149.3393393393	3.4916840829
149.6296296296	5.0085044909
149.9199199199	8.7849965009
150.2102102102	13.6118672131
150.5005005005	22.8171479828
150.7907907908	33.4931661165
151.0810810811	20.4578224574
151.3713713714	16.9108970844
151.6616616617	14.5065427144
151.951951952	12.3788668389
152.2422422422	11.539657339
152.5325325325	9.5245839393
152.8228228228	9.0953530714
153.1131131131	16.1023917081
153.4034034034	7.7100344604
153.6936936937	5.7097578561
153.983983984	18.5945884252
154.2742742743	5.9331945957
154.5645645646	13.5197377387
154.8548548549	13.7852570728
155.1451451452	12.3552489612
155.4354354354	13.2023176184
155.7257257257	14.1115198599
156.016016016	10.2116411233
156.3063063063	11.7222569228
156.5965965966	10.9785899298
156.8868868869	10.1910805703
157.1771771772	10.2010273366
157.4674674675	31.0647248674
157.7577577578	12.9581257978
158.0480480481	13.1115849726
158.3383383383	11.4996012502
158.6286286286	12.7080132002
158.9189189189	13.4862545117
159.2092092092	14.6502838046
159.4994994995	11.5654153459
159.7897897898	12.390247847
160.0800800801	11.4570498407
160.3703703704	14.0583345171
160.6606606607	13.3606118014
160.950950951	13.442313265
161.2412412412	17.5304028506
161.5315315315	12.5222888292
161.8218218218	12.9188713316
162.1121121121	17.1635298224
162.4024024024	15.3302448479
162.6926926927	10.5070559755
162.982982983	15.069312275
163.2732732733	14.3660744773
163.5635635636	20.5071669035
163.8538538539	14.8149713892
164.1441441441	0.7616162813
164.4344344344	13.8175983253
164.7247247247	2.467240013
165.015015015	-0.7039545224
165.3053053053	-5.9931790931
165.5955955956	1.9456541885
165.8858858859	0.8367407365
166.1761761762	-7.4937274901
166.4664664665	3.7453888441
166.7567567568	-0.1208936034
167.0470470471	-0.2560793188
167.3373373373	3.342540521
167.6276276276	-3.1175251306
167.9179179179	-3.0523423291
168.2082082082	-9.7395009601
168.4984984985	3.8308236534
168.7887887888	21.4278967493
169.0790790791	46.5759449734
169.3693693694	13.9309462339
169.6596596597	17.2516263063
169.94994995	20.0054947764
170.2402402402	17.7722083201
170.5305305305	18.025453341
170.8208208208	9.4388802058
171.1111111111	13.2507566034
171.4014014014	11.9946893282
171.6916916917	21.264206198
171.981981982	19.0886116439
172.2722722723	20.4842578044
172.5625625626	17.3680546222
172.8528528529	16.1475196326
173.1431431431	15.5036521444
173.4334334334	14.8652319881
173.7237237237	16.4493018135
174.014014014	18.7073652171
174.3043043043	-6.9408240355
174.5945945946	7.3406793279
174.8848848849	7.9962284043
175.1751751752	8.2390777999
175.4654654655	12.9426260219
175.7557557558	10.0313697529
176.0460460461	11.8576551455
176.3363363363	11.4057740564
176.6266266266	24.4737909877
176.9169169169	5.393167098
177.2072072072	5.9982813608
177.4974974975	6.9745481724
177.7877877878	6.9196066828
178.0780780781	7.829173118
178.3683683684	7.5566765178
178.6586586587	7.7711386426
178.948948949	7.4563590649
179.2392392392	7.3289889692
179.5295295295	7.5715385697
179.8198198198	7.1433333377
180.1101101101	7.5238648736
180.4004004004	7.5753629586
180.6906906907	7.5516592502
180.980980981	10.1780346224
181.2712712713	21.6132720098
181.5615615616	7.8287019829
181.8518518519	7.3101620379
182.1421421421	1.7822693191
182.4324324324	25.6515738412
182.7227227227	7.4788397061
183.013013013	6.7307501259
183.3033033033	9.2492610756
183.5935935936	12.0930712412
183.8838838839	9.218494426
184.1741741742	8.9585690232
184.4644644645	8.7379548901
184.7547547548	8.7085797163
185.0450450451	9.0387038902
185.3353353353	9.0480381558
185.6256256256	9.4030136022
185.9159159159	9.8810402193
186.2062062062	10.168548549
186.4964964965	10.9049940861
186.7867867868	11.6768161774
187.0770770771	12.4951600459
187.3673673674	13.9248539007
187.6576576577	15.5092412597
187.947947948	21.9218094563
188.2382382382	22.9467460788
188.5285285285	27.6979056108
188.8188188188	56.9443521587
189.1091091091	28.3399390805
189.3993993994	22.1506505049
189.6896896897	18.9635241312
189.97997998	16.8557663294
190.2702702703	16.1649344768
190.5605605606	17.5364471078
190.8508508509	13.1229205651
191.1411411411	12.087754921
191.4314314314	11.4957518194
191.7217217217	11.0649299951
192.012012012	10.3986660006
192.3023023023	10.0358559667
192.5925925926	9.3219687179
192.8828828829	8.2894540083
193.1731731732	10.9190880363
193.4634634635	10.4171132779
193.7537537538	9.9264837473
194.044044044	9.5988650894
194.3343343343	9.3404621495
194.6246246246	9.4618863087
194.9149149149	9.4192608389
195.2052052052	8.4838637409
195.4954954955	9.1190935239
195.7857857858	9.0869770359
196.0760760761	9.389551988
196.3663663664	10.0664172343
196.6566566567	11.3457458394
196.946946947	22.4497258701
197.2372372372	5.5677889457
197.5275275275	5.5526366975
197.8178178178	5.9875682362
198.1081081081	5.3442813633
198.3983983984	10.1536070383
198.6886886887	10.8504169166
198.978978979	8.9142969815
199.2692692693	8.6772721717
199.5595595596	9.014356148
199.8498498499	9.0158342595
200.1401401401	8.8916317776
200.4304304304	9.111780666
200.7207207207	23.8648877416
201.011011011	9.0969378252
201.3013013013	9.0717718348
201.5915915916	7.4102640758
201.8818818819	14.1871319247
202.1721721722	7.1769817452
202.4624624625	7.7276283503
202.7527527528	8.2252701124
203.043043043	8.324873631
203.3333333333	8.7155004231
203.6236236236	9.1507179539
203.9139139139	9.7256497499
204.2042042042	13.5220463589
204.4944944945	7.6030466418
204.7847847848	7.1378539451
205.0750750751	7.8861520375
205.3653653654	7.6593823541
205.6556556557	7.7290134989
205.945945946	7.7919835724
206.2362362362	7.3030273748
206.5265265265	6.0389624643
206.8168168168	18.4735105846
207.1071071071	10.3242141076
207.3973973974	9.0817272266
207.6876876877	7.5512401383
207.977977978	6.2555943178
208.2682682683	38.374964339
208.5585585586	11.2871407271
208.8488488489	20.2866123086
209.1391391391	16.5405842716
209.4294294294	17.4493007944
209.7197197197	16.3031227853
210.01001001	9.0814319781
210.3003003003	18.0158205183
210.5905905906	18.128257703
210.8808808809	20.0125746449
211.1711711712	23.6197323267
211.4614614615	18.6889080095
211.7517517518	22.564588029
212.042042042	20.4849583607
212.3323323323	21.3333156706
212.6226226226	19.5789600011
212.9129129129	30.711549095
213.2032032032	29.3416051601
213.4934934935	38.089012354
213.7837837838	37.1162369766
214.0740740741	47.8975547163
214.3643643644	33.8113092463
214.6546546547	28.7332788738
214.9449449449	24.906892621
215.2352352352	22.4446975052
215.5255255255	20.079361382
215.8158158158	17.2246313694
216.1061061061	13.7954311609
216.3963963964	29.6522594394
216.6866866867	17.9395261021
216.976976977	15.4896619644
217.2672672673	12.3878974106
217.5575575576	9.5123109469
217.8478478479	5.9968552097
218.1381381381	-3.4352338881
218.4284284284	1.0742450704
218.7187187187	-9.840660543
219.009009009	4.8887281519
219.2992992993	5.97032272
219.5895895896	12.6414528333
219.8798798799	16.5811096201
220.1701701702	11.2802444206
220.4604604605	11.2301027627
220.7507507508	13.4158526748
221.041041041	17.4514306414
221.3313313313	24.6191297076
221.6216216216	51.3308837361
221.9119119119	26.3916260867
222.2022022022	20.4356317893
222.4924924925	18.2750290463
222.7827827828	17.7055495252
223.0730730731	13.7941429024
223.3633633634	10.1613998144
223.6536536537	12.5768167213
223.9439439439	27.4101237894
224.2342342342	17.9797280845
224.5245245245	14.1277101042
224.8148148148	9.8551355988
225.1051051051	20.8267049631
225.3953953954	15.975014469
225.6856856857	15.2042445447
225.975975976	17.8149100738
226.2662662663	42.3000056167
226.5565565566	18.9321924394
226.8468468469	15.9455171568
227.1371371371	20.2010179915
227.4274274274	14.5446971133
227.7177177177	12.9532126689
228.008008008	12.8776946687
228.2982982983	12.2627249787
228.5885885886	10.2679602351
228.8788788789	15.1866760851
229.1691691692	12.6744804113
229.4594594595	10.6593472057
229.7497497498	20.5487357139
230.04004004	13.6889180106
230.3303303303	12.3962497281
230.6206206206	15.8431335745
230.9109109109	11.5397078477
231.2012012012	11.0326572524
231.4914914915	12.1223400168
231.7817817818	12.0349709009
232.0720720721	12.1204844062
232.3623623624	13.9360847656
232.6526526527	19.190702833
232.9429429429	12.4487173683
233.2332332332	11.136483577
233.5235235235	12.2530651314
233.8138138138	13.6644698878
234.1041041041	14.9266642385
234.3943943944	15.0167029281
234.6846846847	17.7789730803
234.974974975	23.2366200349
235.2652652653	20.4473760777
235.5555555556	31.7571248656
235.8458458459	28.6268433674
236.1361361361	30.8230749333
236.4264264264	33.6761473367
236.7167167167	24.2314346618
237.007007007	16.6128994093
237.2972972973	17.5120210071
237.5875875876	15.5614319142
237.8778778779	13.9381202597
238.1681681682	24.1472134227
238.4584584585	23.8077569557
238.7487487488	13.8968001294
239.039039039	-7.6814886243
239.3293293293	8.9088545991
239.6196196196	8.4566964903
239.9099099099	1.5786425263
240.2002002002	4.8021026652
240.4904904905	7.7610803648
240.7807807808	7.8552582609
241.0710710711	10.4443180314
241.3613613614	14.338931108
241.6516516517	14.2113790587
241.9419419419	12.8197626608
242.2322322322	34.2179951746
242.5225225225	9.4785640873
242.8128128128	31.3907733349
243.1031031031	39.259257975
243.3933933934	28.574779483
243.6836836837	27.0015135012
243.973973974	24.5751012269
244.2642642643	22.4797067802
244.5545545546	25.3812973503
244.8448448448	25.5402215451
245.1351351351	46.0149317891
245.4254254254	12.4455408753
245.7157157157	9.0200042338
246.006006006	14.6758451282
246.2962962963	20.5833028891
246.5865865866	13.8022600695
246.8768768769	12.0329559597
247.1671671672	11.3220903486
247.4574574575	13.233850284
247.7477477478	26.3089344537
248.038038038	3.8843479375
248.3283283283	0.8899744682
248.6186186186	8.1827407292
248.9089089089	-1.7396573595
249.1991991992	-11.5435154017
249.4894894895	1.8586627842
249.7797797798	5.3640007772
250.0700700701	5.1586211991
250.3603603604	10.606269717
250.6506506507	5.2536328073
250.9409409409	12.1187561054
251.2312312312	14.6499524966
251.5215215215	5.0560889249
251.8118118118	14.4402328398
252.1021021021	4.5068896315
252.3923923924	30.4357853296
252.6826826827	13.7018480317
252.972972973	19.8750960053
253.2632632633	14.1781421228
253.5535535536	14.532844427
253.8438438438	8.1687584664
254.1341341341	11.3969429726
254.4244244244	10.7303598732
254.7147147147	17.3577001824
255.005005005	22.3684443512
255.2952952953	20.3313185717
255.5855855856	7.0498800515
255.8758758759	11.0214260985
256.1661661662	9.9678676896
256.4564564565	8.9545212119
256.7467467468	10.9713918005
257.037037037	8.2809603316
257.3273273273	10.3145451671
257.6176176176	11.5442584937
257.9079079079	9.6930289177
258.1981981982	10.5244260361
258.4884884885	6.5978236348
258.7787787788	6.9508606416
259.0690690691	8.3211975
259.3593593594	8.9900506096
259.6496496497	6.8886968007
259.9399399399	9.655325554
260.2302302302	7.7780005808
260.5205205205	8.3982118744
260.8108108108	10.1010343841
261.1011011011	7.0871057002
261.3913913914	8.9065676362
261.6816816817	9.2837612283
261.971971972	8.8630689593
262.2622622623	8.187685158
262.5525525526	9.0193925941
262.8428428428	5.045403793
263.1331331331	7.7541348534
263.4234234234	5.4831010178
263.7137137137	0.9458834252
264.004004004	11.902101645
264.2942942943	5.0698200248
264.5845845846	11.5286593594
264.8748748749	10.3573860007
265.1651651652	6.5776196986
265.4554554555	-1.8220350584
265.7457457458	10.9886502115
266.036036036	7.3900634025
266.3263263263	8.4927030629
266.6166166166	8.1817626349
266.9069069069	5.9026238183
267.1971971972	7.7349505315
267.4874874875	4.9121918218
267.7777777778	6.9493901541
268.0680680681	5.8986286744
268.3583583584	12.2818046574
268.6486486487	9.8189873705
268.9389389389	9.2267850143
269.2292292292	6.8530913218
269.5195195195	6.4917554545
269.8098098098	7.7283704842
270.1001001001	5.2531122358
270.3903903904	5.5206275793
270.6806806807	4.4923713114
270.970970971	-3.9550271867
271.2612612613	5.0470441359
271.5515515516	-6.7199065954
271.8418418418	20.3458606197
272.1321321321	17.5064199073
272.4224224224	13.4145370266
272.7127127127	11.8223148921
273.003003003	13.0779741591
273.2932932933	13.8168852
273.5835835836	9.4511376414
273.8738738739	13.9739105534
274.1641641642	16.873231416
274.4544544545	20.9278049283
274.7447447447	30.3439974736
275.035035035	23.063014752
275.3253253253	26.7093410602
275.6156156156	39.417131557
275.9059059059	32.7792018486
276.1961961962	25.2498431548
276.4864864865	20.7311857133
276.7767767768	18.4583554132
277.0670670671	16.1624337418
277.3573573574	13.8240420673
277.6476476477	14.3558116708
277.9379379379	13.7274028647
278.2282282282	12.8987507495
278.5185185185	11.1997382252
278.8088088088	9.8238389756
279.0990990991	11.0035634195
279.3893893894	8.4969978489
279.6796796797	10.0873127453
279.96996997	14.1141654726
280.2602602603	1.0869505096
280.5505505506	2.9042624222
280.8408408408	7.3458956194
281.1311311311	-5.7507670739
281.4214214214	6.4154375238
281.7117117117	13.1889616018
282.002002002	6.1711561567
282.2922922923	17.1728482926
282.5825825826	8.9113580344
282.8728728729	5.1176457302
283.1631631632	12.4795029883
283.4534534535	15.8356494231
283.7437437437	11.6269392664
284.034034034	16.2731835394
284.3243243243	19.0325751525
284.6146146146	17.7070236127
284.9049049049	21.6605687941
285.1951951952	16.4429063092
285.4854854855	7.0748636863
285.7757757758	9.436233888
286.0660660661	9.948913494
286.3563563564	2.0637316312
286.6466466467	3.371357712
286.9369369369	3.1257276638
287.2272272272	-8.4667274394
287.5175175175	3.1028476325
287.8078078078	5.3527863849
288.0980980981	6.6320772334
288.3883883884	7.380265488
288.6786786787	9.5439205773
288.968968969	11.4862381175
289.2592592593	17.9390970812
289.5495495496	31.9194037233
289.8398398398	28.4556893982
290.1301301301	39.5743429834
290.4204204204	48.6075219112
290.7107107107	24.4778015233
291.001001001	25.6008742728
291.2912912913	8.2747934933
291.5815815816	30.3194952622
291.8718718719	24.2560671177
292.1621621622	19.3215957727
292.4524524525	12.9742124991
292.7427427427	40.6081050671
293.033033033	31.8633957972
293.3233233233	42.5393427871
293.6136136136	21.0983286305
293.9039039039	25.1402007157
294.1941941942	26.6943757326
294.4844844845	31.7803593237
294.7747747748	52.3185592524
295.0650650651	37.6743042959
295.3553553554	16.6180910303
295.6456456457	26.5755066519
295.9359359359	17.5934619799
296.2262262262	24.0561134457
296.5165165165	11.326290181
296.8068068068	16.9947661843
297.0970970971	12.2556699337
297.3873873874	10.4553474935
297.6776776777	10.6133413949
297.967967968	9.592077543
298.2582582583	7.6922946668
298.5485485486	6.8353523289
298.8388388388	5.0340665164
299.1291291291	10.3457605199
299.4194194194	7.3167275412
299.7097097097	9.4089405748
300	4.2885805607
