10	-0.0078633726	-0.0442817248	-26.940677133	32.540677133
10.2899999619	-0.0074157724	-0.0457595885	-26.6777699987	32.2777699987
10.5799999237	-0.0085322112	-0.0471206941	-26.3956593824	31.9956593824
10.8699998856	-0.0103265429	-0.0471169502	-26.3326997348	31.9326997348
11.1599998474	-0.0113136545	-0.0458700322	-26.5129440221	32.1129440221
11.4499998093	-0.0108577209	-0.0446848944	-26.7476563375	32.3476563375
11.7399997711	-0.009736456	-0.0447436869	-26.7844380115	32.3844380115
12.029999733	-0.0093286866	-0.0459819511	-26.5730809715	32.1730809715
12.3199996948	-0.0102672894	-0.047209993	-26.3186181058	31.9186181058
12.6099996567	-0.0118674086	-0.0473035201	-26.2370443907	31.8370443907
12.8999996185	-0.0128426049	-0.0462780222	-26.3703000149	31.9703000149
13.1899995804	-0.0125649879	-0.0452239886	-26.5696814235	32.1696814235
13.4799995422	-0.0116388816	-0.045213256	-26.6160286003	32.2160286003
13.7700004578	-0.0112689696	-0.0462720692	-26.4433893767	32.0433893767
14.0600004196	-0.0120783737	-0.0473982431	-26.2115158238	31.8115158238
14.3500003815	-0.0135336611	-0.0475659855	-26.1159984273	31.7159984273
14.6400003433	-0.014502977	-0.0467134453	-26.2115126333	31.8115126333
14.9300003052	-0.0143686682	-0.0457643084	-26.3811536455	31.9811536455
15.220000267	-0.0136019029	-0.0457023382	-26.4326388135	32.0326388135
15.5100002289	-0.0132691767	-0.0466209613	-26.2900882408	31.8900882408
15.8000001907	-0.0139829544	-0.0476662368	-26.0772644553	31.6772644553
16.0900001526	-0.0153278559	-0.0478931144	-25.9710379515	31.5710379515
16.3799991608	-0.0162967816	-0.0471800752	-26.0353133672	31.6353133672
16.6700000763	-0.0162829664	-0.0463179015	-26.1789592896	31.7789592896
16.9599990845	-0.0156518891	-0.0462165698	-26.2324918447	31.8324918447
17.25	-0.0153567735	-0.047022447	-26.1137649971	31.7137649971
17.5400009155	-0.0159992334	-0.0480013527	-25.9174216645	31.5174216645
17.8299999237	-0.0172592178	-0.0482763387	-25.8029441775	31.4029441775
18.1200008392	-0.0182328373	-0.0476787277	-25.8407601576	31.4407601576
18.4099998474	-0.0183241721	-0.0468902998	-25.9611190325	31.5611190325
18.7000007629	-0.0178126432	-0.0467582718	-26.0143050618	31.6143050618
18.9899997711	-0.0175566096	-0.0474707857	-25.914700308	31.514700308
19.2800006866	-0.0181468036	-0.0483938418	-25.7328214683	31.3328214683
19.5699996948	-0.0193416364	-0.0487086102	-25.6120021832	31.2120021832
19.8600006104	-0.0203246642	-0.0482086614	-25.6269870362	31.2269870362
20.1499996185	-0.0205113497	-0.0474838056	-25.7260685283	31.3260685283
20.4400005341	-0.0201084092	-0.0473268703	-25.7770885746	31.3770885746
20.7299995422	-0.0198936649	-0.0479603782	-25.6928723524	31.2928723524
21.0200004578	-0.020446958	-0.0488352291	-25.5238345678	31.1238345678
21.3099994659	-0.0215929206	-0.0491831228	-25.3981899001	30.9981899001
21.6000003815	-0.0225904584	-0.0487667993	-25.3932318949	30.9932318949
21.8899993896	-0.022865627	-0.0480973572	-25.4726427102	31.0726427102
22.1800003052	-0.022564346	-0.0479198582	-25.519955284	31.119955284
22.4699993134	-0.0223938487	-0.048484873	-25.4480976576	31.0480976576
22.7600002289	-0.0229233727	-0.0493167937	-25.2905657513	30.8905657513
23.0499992371	-0.0240342095	-0.0496922918	-25.1613223657	30.7613223657
23.3400001526	-0.0250514019	-0.0493482947	-25.1387754276	30.7387754276
23.6299991608	-0.025411386	-0.0487274081	-25.1997884405	30.7997884405
23.9200000763	-0.0252074525	-0.0485321656	-25.2421455106	30.8421455106
24.2099990845	-0.0250851344	-0.0490366109	-25.1800544093	30.7800544093
24.5	-0.0256026275	-0.0498293675	-25.0328334572	30.6328334572
24.7900009155	-0.0266908631	-0.0502275489	-24.9009767903	30.5009767903
25.0799999237	-0.0277333111	-0.0499462485	-24.8628121438	30.4628121438
25.3700008392	-0.0281765573	-0.0493678302	-24.906494617	30.506494617
25.6599998474	-0.0280682445	-0.0491563305	-24.9428429049	30.5428429049
25.9500007629	-0.0279981997	-0.0496058539	-24.8883349251	30.4883349251
26.2399997711	-0.028514877	-0.0503618829	-24.750307205	30.350307205
26.5300006866	-0.0295920838	-0.0507779196	-24.6166653423	30.2166653423
26.8199996948	-0.0306656957	-0.0505508855	-24.5645628985	30.1645628985
27.1100006104	-0.0311928205	-0.0500092469	-24.5918058345	30.1918058345
27.3999996185	-0.0311799627	-0.0497818589	-24.6212759064	30.2212759064
27.6900005341	-0.0311677419	-0.050180234	-24.5723878633	30.1723878633
27.9799995422	-0.0316941217	-0.0509004667	-24.4425582237	30.0425582237
28.2700004578	-0.032771565	-0.0513299219	-24.30774038	29.90774038
28.5599994659	-0.0338833332	-0.0511490926	-24.2431462498	29.8431462498
28.8500003815	-0.034496326	-0.0506383553	-24.25478021	29.85478021
29.1399993896	-0.0345810279	-0.0503944941	-24.2765677862	29.8765677862
29.4300003052	-0.0346324295	-0.050743755	-24.2315968928	29.8315968928
29.7199993134	-0.0351793692	-0.0514279716	-24.1089700637	29.7089700637
30.0100002289	-0.0362683535	-0.0518656261	-23.9735013416	29.5735013416
30.2999992371	-0.0374259166	-0.0517232791	-23.897661621	29.497661621
30.5900001526	-0.0381285772	-0.0512373932	-23.8944002827	29.4944002827
30.8799991608	-0.0383143872	-0.0509749465	-23.9078590532	29.5078590532
31.1700000763	-0.0384368226	-0.0512753613	-23.8652267235	29.4652267235
31.4599990845	-0.0390153974	-0.0519221351	-23.7488216632	29.3488216632
31.75	-0.0401274823	-0.0523622669	-23.6130893478	29.2130893478
32.0400009155	-0.0413396396	-0.0522501059	-23.5271100363	29.1271100363
32.3300018311	-0.0421374813	-0.0517822877	-23.5096003162	29.1096003162
32.6199989319	-0.0424296036	-0.0514978468	-23.5141562955	29.1141562955
32.9099998474	-0.0426314399	-0.0517477021	-23.472447655	29.072447655
33.2000007629	-0.0432532877	-0.052353818	-23.3613244014	28.9613244014
33.4900016785	-0.0444008783	-0.0527896583	-23.2255858392	28.8255858392
33.7799987793	-0.0456775017	-0.0526987314	-23.1304300246	28.7304300246
34.0699996948	-0.0465777069	-0.0522408038	-23.0992940766	28.6992940766
34.3600006104	-0.046983242	-0.0519292466	-23.0944318989	28.6944318989
34.6500015259	-0.0472741723	-0.052124992	-23.0523145287	28.6523145287
34.9399986267	-0.0479519479	-0.0526852496	-22.9455327099	28.5455327099
35.2299995422	-0.0491482876	-0.0531085096	-22.8099472433	28.4099472433
35.5200004578	-0.0505007431	-0.0530285835	-22.7064437952	28.3064437952
35.8100013733	-0.0515124463	-0.052570831	-22.6622317453	28.2622317453
36.0999984741	-0.0520403236	-0.0522244945	-22.6475306057	28.2475306057
36.3899993896	-0.0524313636	-0.0523598269	-22.6038024494	28.2038024494
36.6800003052	-0.0531788766	-0.0528667718	-22.5004052964	28.1004052964
36.9700012207	-0.0544385836	-0.0532671325	-22.3650111866	27.9650111866
37.2599983215	-0.0558798499	-0.0531856157	-22.2539053972	27.8539053972
37.5499992371	-0.0570141859	-0.0527158454	-22.197131	27.797131
37.8400001526	-0.0576751828	-0.0523243621	-22.1722178719	27.7722178719
38.1300010681	-0.0581791885	-0.052389849	-22.1257394077	27.7257394077
38.4199981689	-0.0590115823	-0.052832786	-22.0247832099	27.6247832099
38.7099990845	-0.0603505969	-0.0531969182	-21.8895433453	27.4895433453
39	-0.0618955046	-0.0530985519	-21.7714506839	27.3714506839
39.2900009155	-0.063165538	-0.0526013821	-21.7025954042	27.3025954042
39.5800018311	-0.063972719	-0.0521504059	-21.6671429195	27.2671429195
39.8699989319	-0.0646042973	-0.052132342	-21.6168647201	27.2168647201
40.1599998474	-0.065538235	-0.0524965748	-21.517400085	27.117400085
40.4500007629	-0.0669741929	-0.0528072454	-21.3821788637	26.9821788637
40.7400016785	-0.0686395466	-0.052672483	-21.2576306642	26.8576306642
41.0299987793	-0.0700606331	-0.052127827	-21.1771443773	26.7771443773
41.3199996948	-0.0710289553	-0.0515981205	-21.1308767663	26.7308767663
41.6100006104	-0.0718044341	-0.0514775813	-21.0758157205	26.6758157205
41.9000015259	-0.0728584006	-0.0517428741	-20.9768855557	26.5768855557
42.1899986267	-0.0744105279	-0.0519773774	-20.8414793045	26.4414793045
42.4799995422	-0.0762149543	-0.0517811924	-20.7109173985	26.3109173985
42.7700004578	-0.0778046772	-0.0511628538	-20.6192052601	26.2192052601
43.0600013733	-0.0789511725	-0.0505282097	-20.5618964157	26.1618964157
43.3499984741	-0.0798887461	-0.0502790809	-20.5011265809	26.1011265809
43.6399993896	-0.0810824931	-0.0504180752	-20.4017886724	26.0017886724
43.9300003052	-0.0827715918	-0.0505462289	-20.2659236282	25.8659236282
44.2200012207	-0.084735617	-0.0502556935	-20.1297047324	25.7297047324
44.5099983215	-0.0865131617	-0.0495291278	-20.0271579437	25.6271579437
44.7999992371	-0.0878565237	-0.0487543419	-19.9586121407	25.5586121407
45.0900001526	-0.0889753625	-0.0483409576	-19.8912941823	25.4912941823
45.3800010681	-0.0903295353	-0.0483163781	-19.7906318851	25.3906318851
45.6699981689	-0.0921775624	-0.0482981876	-19.6539488547	25.2539488547
45.9599990845	-0.0943227112	-0.047869768	-19.5123634188	25.1123634188
46.25	-0.0963082835	-0.0469887964	-19.3993584335	24.9993584335
46.5400009155	-0.0978676975	-0.0460265428	-19.3194300363	24.9194300363
46.8300018311	-0.0991870388	-0.0454005525	-19.2447935851	24.8447935851
47.1199989319	-0.1007221416	-0.0451620109	-19.1419025487	24.7419025487
47.4099998474	-0.1027501896	-0.0449435674	-19.0040478622	24.6040478622
47.7000007629	-0.1050974429	-0.0443195365	-18.8573292448	24.4573292448
47.9900016785	-0.1073105037	-0.0432226993	-18.734223159	24.334223159
48.2799987793	-0.1091036052	-0.0420090556	-18.6428367346	24.2428367346
48.5699996948	-0.110640496	-0.0411049277	-18.560197517	24.160197517
48.8600006104	-0.1123740226	-0.0405842923	-18.4542370862	24.0542370862
49.1500015259	-0.1146003902	-0.0400936902	-18.3148031843	23.9148031843
49.4399986267	-0.1171671301	-0.0391965136	-18.163173298	23.763173298
49.7299995422	-0.1196228787	-0.0378016941	-18.0303386922	23.6303386922
50.0200004578	-0.1216620654	-0.0362510085	-17.9274829875	23.5274829875
50.3100013733	-0.1234270483	-0.0349802338	-17.8362682075	23.4362682075
50.5999984741	-0.1253692061	-0.0340864249	-17.7264499698	23.3264499698
50.8899993896	-0.1278041154	-0.033227291	-17.585047019	23.185047019
51.1800003052	-0.130599454	-0.0319540389	-17.4286696321	23.0286696321
51.4700012207	-0.1333032846	-0.0301514603	-17.2864925499	22.8864925499
51.7599983215	-0.1355891824	-0.0281491224	-17.1722387315	22.7722387315
52.0499992371	-0.1375796944	-0.0263942275	-17.0719415075	22.6719415075
52.3400001526	-0.1397266388	-0.0250056647	-16.957504507	22.557504507
52.6300010681	-0.1423662752	-0.0236500148	-16.813632841	22.413632841
52.9199981689	-0.1453843266	-0.0218640622	-16.6525200086	22.2525200086
53.2099990845	-0.1483256966	-0.0195082109	-16.5011891068	22.1011891068
53.5	-0.1508424282	-0.0169023965	-16.3753394066	21.9753394066
53.7900009155	-0.1530400217	-0.01450794	-16.2650451054	21.8650451054
54.0800018311	-0.1553770155	-0.0124641685	-16.1444068935	21.7444068935
54.3699989319	-0.1582161933	-0.0104420874	-15.9961052468	21.5961052468
54.6599998474	-0.1614678502	-0.0079578739	-15.8277426504	21.4277426504
54.9500007629	-0.1646880507	-0.0048440034	-15.6630025986	21.2630025986
55.2400016785	-0.167557776	-0.0014055292	-15.5164026786	21.1164026786
55.5299987793	-0.1703579873	0.0019230554	-15.3721966224	20.9721966224
55.8199996948	-0.1748905182	0.0054956838	-15.1403884255	20.7403884255
56.1100006104	-0.167409122	0.0086073894	-15.5129520588	21.1129520588
56.4000015259	-0.1754031926	0.0107526407	-15.1029599795	20.7029599795
56.6899986267	-0.1792856306	0.0147860898	-14.8996510562	20.4996510562
56.9799995422	-0.1822014004	0.0192184001	-14.7409138898	20.3409138898
57.2700004578	-0.1845303178	0.0235185269	-14.6086667739	20.2086667739
57.5600013733	-0.1868288815	0.0274925306	-14.4780806328	20.0780806328
57.8499984741	-0.1895366758	0.0314686969	-14.3280382893	19.9280382893
58.1399993896	-0.1925894022	0.0359836183	-14.1583281352	19.7583281352
58.4300003052	-0.1954851002	0.041253496	-13.9884999063	19.5884999063
58.7200012207	-0.1977792829	0.0469550267	-13.8382476998	19.4382476998
59.0099983215	-0.1995292902	0.0525443181	-13.7086734665	19.3086734665
59.2999992371	-0.2012404799	0.0578079112	-13.5813455271	19.1813455271
59.5900001526	-0.2033547312	0.0630974695	-13.4357176987	19.0357176987
59.8800010681	-0.205780983	0.068998009	-13.269188104	18.869188104
60.1699981689	-0.207948342	0.0757425651	-13.09986104	18.69986104
60.4599990845	-0.2093509585	0.0829598755	-12.9490497851	18.5490497851
60.75	-0.2100549489	0.0900264829	-12.8209785853	18.4209785853
61.0400009155	-0.210645467	0.0967054144	-12.6983610608	18.2983610608
61.3300018311	-0.2116265446	0.1034327298	-12.5583126651	18.1583126651
61.6199989319	-0.2128438205	0.1109324619	-12.3951341	17.9951341
61.9099998474	-0.2135158181	0.1194936037	-12.2280723829	17.8280723829
62.2000007629	-0.2128928006	0.1286129206	-12.0855759497	17.6855759497
62.4900016785	-0.2109119445	0.1374205202	-11.9812830207	17.5812830207
62.7799987793	-0.2080112845	0.1456697136	-11.905186679	17.505186679
63.0699996948	-0.2014230937	0.1559178531	-11.8787818385	17.4787818385
63.3600006104	-0.2177126259	0.1516966671	-11.5236154615	17.1236154615
63.6500015259	-0.2119220346	0.1652721465	-11.4130745172	17.0130745172
63.9399986267	-0.2094980627	0.1762840003	-11.251386331	16.851386331
64.2300033569	-0.2060671598	0.1870664656	-11.1093631745	16.7093631745
64.5199966431	-0.2016349137	0.196990028	-10.9984209567	16.5984209567
64.8099975586	-0.1970253289	0.2059844136	-10.9018433347	16.5018433347
65.0999984741	-0.1927488893	0.214744702	-10.7952488441	16.3952488441
65.3899993896	-0.1884791851	0.2240427881	-10.6691999523	16.2691999523
65.6800003052	-0.1834002584	0.2339760661	-10.5364377036	16.1364377036
65.9700012207	-0.1770179123	0.243892923	-10.4182281024	16.0182281024
66.2600021362	-0.1696297377	0.253046304	-10.3242076373	15.9242076373
66.5500030518	-0.1620000601	0.2613192201	-10.2442228275	15.8442228275
66.8399963379	-0.1545762569	0.2693056166	-10.1583587117	15.7583587117
67.1299972534	-0.1470273137	0.2776714861	-10.0560151739	15.6560151739
67.4199981689	-0.1385713816	0.2864322066	-9.9462454168	15.5462454168
67.7099990845	-0.1287736148	0.2948753238	-9.8491658558	15.4491658558
68	-0.1180192903	0.3022218943	-9.777092958	15.377092958
68.2900009155	-0.1071747988	0.308380425	-9.7230422007	15.3230422007
68.5800018311	-0.0967486352	0.3140361607	-9.6666066412	15.2666066412
68.8700027466	-0.0863809362	0.3199559152	-9.5926535937	15.1926535937
69.1600036621	-0.0751937851	0.3261781931	-9.5060240666	15.1060240666
69.4499969482	-0.0626911446	0.3319028318	-9.4275367845	15.0275367845
69.7399978638	-0.0493267328	0.3362315297	-9.3747529326	14.9747529326
70.0299987793	-0.0361434743	0.3390627205	-9.3453277878	14.9453277878
70.3199996948	-0.0237875246	0.341241926	-9.3176997478	14.9176997478
70.6100006104	-0.0118524916	0.3437643945	-9.2696224568	14.8696224568
70.9000015259	0.0007591523	0.3467654586	-9.1992625704	14.7992625704
71.1900024414	0.0147394035	0.3493053317	-9.1281698379	14.7281698379
71.4800033569	0.0295933858	0.3502364159	-9.0818777857	14.6818777857
71.7699966431	0.043995779	0.3493744135	-9.0658493658	14.6658493658
72.0599975586	0.0570386648	0.3478171229	-9.0577295442	14.6577295442
72.3499984741	0.0692053214	0.3469964266	-9.0240990537	14.6240990537
72.6399993896	0.0820533112	0.3472749889	-8.9506017545	14.5506017545
72.9300003052	0.0967694074	0.3474500477	-8.8576992802	14.4576992802
73.2200012207	0.1129011884	0.3457879126	-8.7838777165	14.3838777165
73.5100021362	0.1285702288	0.3417781889	-8.7503096967	14.3503096967
73.8000030518	0.1421975195	0.3369792402	-8.7362457652	14.3362457652
74.0899963379	0.1543134749	0.3339774311	-8.6853027547	14.2853027547
74.3799972534	0.1677475274	0.3341526985	-8.5450134413	14.1450134413
74.6699981689	0.1857963353	0.3361897767	-8.3107890548	13.9107890548
74.9599990845	0.2098803371	0.336956352	-8.0247316593	13.6247316593
75.25	0.2393493652	0.3348361552	-7.7107795576	13.3107795576
75.5400009155	0.2779598236	0.3358126283	-7.2117375258	12.8117375258
75.8300018311	0.4333738089	0.4030375481	-4.5561922318	10.1561922318
76.1200027466	0.169579789	0.1847250909	-12.0148288062	17.6148288062
76.4100036621	0.2264087349	0.2305835038	-9.8117610481	15.4117610481
76.6999969482	0.2512969077	0.2402538359	-9.1767414279	14.7767414279
76.9899978638	0.2766560912	0.2433734238	-8.6719868911	14.2719868911
77.2799987793	0.3062646389	0.2397334874	-8.2024669353	13.8024669353
77.5699996948	0.338642627	0.2281581908	-7.7797325512	13.3797325512
77.8600006104	0.3722171783	0.2092048973	-7.391839897	12.991839897
78.1500015259	0.4077503979	0.1834346801	-6.9916837266	12.5916837266
78.4400024414	0.4479165971	0.1482584476	-6.524556322	12.124556322
78.7300033569	0.4940493405	0.0953058004	-5.9659128115	11.5659128115
79.0199966431	0.5396983027	0.0095153693	-5.3556291648	10.9556291648
79.3099975586	0.5583316088	-0.1255484223	-4.847932154	10.447932154
79.5999984741	0.4922941923	-0.2968761027	-4.8084300134	10.4084300134
79.8899993896	0.3082925081	-0.4098296463	-5.8003663971	11.4003663971
80.1800003052	0.1068900079	-0.3783569634	-8.1084819864	13.7084819864
80.4700012207	-0.0051770769	-0.267557323	-11.4500374667	17.0500374667
80.7600021362	-0.0387381613	-0.1625933945	-15.5381623573	21.1381623573
81.0500030518	-0.0352311172	-0.0871218443	-20.539681149	26.139681149
81.3399963379	-0.0191298444	-0.0370422378	-27.5993065542	33.1993065542
81.6299972534	-0.0007189392	-0.0040246453	-47.7690288126	53.3690288126
81.9199981689	0.0167595036	0.0184310321	-32.0719949185	37.6719949185
82.2099990845	0.0329532325	0.0341625847	-26.4723924646	32.0723924646
82.5	0.0481015183	0.0449472778	-23.631097061	29.231097061
82.7900009155	0.0620432198	0.0516328067	-21.8606505913	27.4606505913
83.0800018311	0.074296914	0.0550937615	-20.677620159	26.277620159
83.3700027466	0.0846397728	0.0564893782	-19.8485237186	25.4485237186
83.6600036621	0.0934570134	0.0568712279	-19.2195846471	24.8195846471
83.9499969482	0.1015031114	0.056692861	-18.691209033	24.291209033
84.2399978638	0.1093314141	0.0557655245	-18.2208414629	23.8208414629
84.5299987793	0.1169423386	0.0537071638	-17.8094045407	23.4094045407
84.8199996948	0.1239580363	0.0504588708	-17.4686337734	23.0686337734
85.1100006104	0.130120039	0.046400547	-17.1932523719	22.7932523719
85.4000015259	0.1356285959	0.0420046188	-16.9552015654	22.5552015654
85.6900024414	0.1410313696	0.0373818353	-16.7188046366	22.3188046366
85.9800033569	0.1468085945	0.0321356542	-16.4617098889	22.0617098889
86.2699966431	0.1530708969	0.0256002359	-16.1823402795	21.7823402795
86.5599975586	0.1596414447	0.0171393361	-15.8873144518	21.4873144518
86.8499984741	0.1664103419	0.0060641002	-15.5706304843	21.1706304843
87.1399993896	0.1735370159	-0.009170182	-15.2000473237	20.8000473237
87.4300003052	0.1807043254	-0.0331436917	-14.7169331379	20.3169331379
87.7200012207	0.1804088056	-0.0800765455	-14.0938561908	19.6938561908
88.0100021362	0.0932059288	-0.1610327959	-14.6068665394	20.2068665394
88.3000030518	-0.0031283174	-0.0056114942	-43.8431042608	49.4431042608
88.5899963379	0.0884365216	0.0355265811	-20.4176321178	26.0176321178
88.8799972534	0.1225885227	0.022253776	-18.090194059	23.690194059
89.1699981689	0.1473667622	0.0005532628	-16.6319479546	22.2319479546
89.4599990845	0.1635396183	-0.0283316486	-15.5991167484	21.1991167484
89.75	0.1697847843	-0.0714166686	-14.6945180774	20.2945180774
90.0400009155	0.1442863792	-0.1337757856	-14.1212612059	19.7212612059
90.3300018311	0.0482498817	-0.1668631136	-15.204052603	20.804052603
90.6200027466	-0.0286961347	-0.0931977332	-20.2185210831	25.8185210831
90.9100036621	-0.0177949127	-0.0223202631	-30.8892069835	36.4892069835
91.1999969482	0.0111299511	0.0071081421	-37.5844979359	43.1844979359
91.4899978638	0.0341578759	0.0167649221	-28.3928449859	33.9928449859
91.7799987793	0.0504208356	0.0185889509	-25.3943142044	30.9943142044
92.0699996948	0.0617751852	0.0173127744	-23.8553458807	29.4553458807
92.3600006104	0.0698572993	0.0149202645	-22.9220366122	28.5220366122
92.6500015259	0.075890258	0.0121775921	-22.2858708011	27.8858708011
92.9400024414	0.0806416348	0.0092295306	-21.8122943544	27.4122943544
93.2300033569	0.0844302773	0.0060157459	-21.4480435779	27.0480435779
93.5199966431	0.0872990564	0.0025736047	-21.1760362452	26.7760362452
93.8099975586	0.0892848223	-0.0008883463	-20.984017319	26.584017319
94.0999984741	0.0905862376	-0.0041408301	-20.8496902746	26.4496902746
94.3899993896	0.0915088803	-0.007125617	-20.744481542	26.344481542
94.6800003052	0.0922700465	-0.0099909948	-20.6481623506	26.2481623506
94.9700012207	0.0928684026	-0.0129343346	-20.559203618	26.159203618
95.2600021362	0.0931511223	-0.0160055887	-20.4898757263	26.0898757263
95.5500030518	0.0930079743	-0.0190235246	-20.4516061202	26.0516061202
95.8399963379	0.0925318003	-0.022051366	-20.4342836224	26.0342836224
96.1299972534	0.0918950737	-0.024695769	-20.4313142284	26.0313142284
96.4199981689	0.0912565589	-0.0272772778	-20.4230608177	26.0230608177
96.7099990845	0.0905710608	-0.0299637821	-20.4091349659	26.0091349659
97	0.0896602571	-0.0328043699	-20.402391156	26.002391156
97.2900009155	0.0883914754	-0.0356701203	-20.4165545027	26.0165545027
97.5800018311	0.0868082196	-0.0383845679	-20.4532138656	26.0532138656
97.8700027466	0.0850824341	-0.0409014784	-20.5002718423	26.1002718423
98.1600036621	0.0833366215	-0.0433559269	-20.5429862837	26.1429862837
98.4499969482	0.0815097615	-0.0459381901	-20.5778559302	26.1778559302
98.7399978638	0.0793941095	-0.0487173907	-20.6163997285	26.2163997285
99.0299987793	0.0768024251	-0.0515841059	-20.6754995552	26.2754995552
99.3199996948	0.0736953691	-0.0543687493	-20.7639499755	26.3639499755
99.6100006104	0.070137009	-0.0570135415	-20.8779155487	26.4779155487
99.9000015259	0.0661057755	-0.0596269704	-21.009815952	26.609815952
100.1900024414	0.0613183677	-0.0623520687	-21.1646786795	26.7646786795
100.4800033569	0.0551829338	-0.0651380196	-21.3738461731	26.9738461731
100.7699966431	0.0468330719	-0.0675196201	-21.705524054	27.305524054
101.0599975586	0.0350753926	-0.0682530999	-22.2997549532	27.8997549532
101.3499984741	0.0184711125	-0.0640173703	-23.5267516451	29.1267516451
101.6399993897	-0.0013048402	-0.0459427796	-26.7521528693	32.3521528693
101.9300003052	-0.0029075118	-0.005597543	-44.0026849852	49.6026849852
102.2200012207	0.0350135043	0.01838772	-28.0574833124	33.6574833124
102.5100021362	0.065464057	0.0050774454	-23.6538941741	29.2538941741
102.8000030518	0.0749907568	-0.0132510858	-22.3663154773	27.9663154773
103.0899963379	0.0755420327	-0.0265746843	-21.9295145434	27.5295145434
103.3799972534	0.0731798857	-0.0357213877	-21.784004585	27.384004585
103.669998169	0.0699020103	-0.0423421115	-21.7527909942	27.3527909942
103.9599990845	0.0661868155	-0.0474912748	-21.7808604902	27.3808604902
104.25	0.0620350093	-0.0516195893	-21.8622396449	27.4622396449
104.5400009155	0.0574459285	-0.0547929965	-22.0050043406	27.6050043406
104.8300018311	0.0525687709	-0.0569718666	-22.2117833543	27.8117833543
105.1200027466	0.0475923978	-0.0581754968	-22.4799577181	28.0799577181
105.4100036621	0.0423907153	-0.0580734275	-22.8655181897	28.4655181897
105.6999969482	0.0401765183	-0.0642237514	-22.4117566635	28.0117566635
105.9899978638	0.0334259681	-0.0611313432	-23.1387012431	28.7387012431
106.2799987793	0.027534226	-0.0601669215	-23.5870519318	29.1870519318
106.5699996948	0.0212063417	-0.058412835	-24.1321379569	29.7321379569
106.8600006104	0.0145568103	-0.0552894473	-24.856085008	30.456085008
107.1500015259	0.0079147192	-0.0503888987	-25.8474547195	31.4474547195
107.4400024414	0.0017770083	-0.0433412567	-27.254675511	32.854675511
107.7300033569	-0.003058095	-0.0338120833	-29.3831802286	34.9831802286
108.0199966431	-0.0053041163	-0.0217511654	-32.9994834756	38.5994834756
108.3099975586	-0.0032656058	-0.0079524294	-41.3132433523	46.9132433523
108.5999984741	0.0044131451	0.0054151793	-43.1158002858	48.7158002858
108.8899993897	0.0174395666	0.0151608111	-32.724679529	38.324679529
109.1800003052	0.0332481153	0.0187528823	-28.3650832712	33.9650832712
109.4700012207	0.0482504219	0.0159723256	-25.8783887519	31.4783887519
109.7600021362	0.0598843321	0.0087126764	-24.3627644631	29.9627644631
110.0500030518	0.0674281567	-0.0005803631	-23.4228525219	29.0228525219
110.3399963379	0.0714239851	-0.0101017412	-22.8371021527	28.4371021527
110.6299972534	0.0728078857	-0.0189337693	-22.472237896	28.072237896
110.919998169	0.0723898187	-0.0267770365	-22.2495085423	27.8495085423
111.2099990845	0.0707121491	-0.0336083584	-22.1255866974	27.7255866974
111.5	0.0681133792	-0.0394666381	-22.0781514362	27.6781514362
111.7900009155	0.064833656	-0.0443851203	-22.0947263857	27.6947263857
112.0800018311	0.0610654689	-0.0484114029	-22.1662136112	27.7662136112
112.3700027466	0.0569236726	-0.0516268089	-22.2873362633	27.8873362633
112.6600036621	0.0523389541	-0.0540915057	-22.4678037612	28.0678037612
112.9499969482	0.0465276763	-0.0554536805	-22.806740724	28.406740724
113.2399978638	0.0481080078	-0.0602926649	-22.2551326418	27.8551326418
113.5299987793	0.036835961	-0.0583981536	-23.2173367833	28.8173367833
113.8199996948	0.0221322495	-0.050753314	-25.134653374	30.734653374
114.1100006104	0.0541242138	-0.076591678	-20.5572881916	26.1572881916
114.4000015259	0.0252667554	-0.0660064146	-23.0144227644	28.6144227644
114.6900024414	0.008612847	-0.0560852811	-24.9217921238	30.5217921238
114.9800033569	-0.0066220518	-0.0267501213	-31.1951765039	36.7951765039
115.2699966431	0.0362611637	0.0180378705	-27.8509345852	33.4509345852
115.5599975586	0.0756673962	-0.0217758827	-22.0762624914	27.6762624914
115.8499984741	0.0678772554	-0.0474228747	-21.6391330159	27.2391330159
116.1399993897	0.0579193234	-0.0573077239	-21.7790889386	27.3790889386
116.4300003052	0.0500285141	-0.0616875626	-22.0009402227	27.6009402227
116.7200012207	0.0437400937	-0.0637768805	-22.2324897782	27.8324897782
117.0100021362	0.0385412201	-0.0647602677	-22.45703819	28.05703819
117.3000030518	0.0340475291	-0.0651653409	-22.6714356961	28.2714356961
117.5899963379	0.0299649704	-0.0652048066	-22.882293494	28.482293494
117.8799972534	0.0261135809	-0.0649097413	-23.1023012571	28.7023012571
118.169998169	0.0224437788	-0.0642499998	-23.3425154389	28.9425154389
118.4599990845	0.0189869199	-0.0632342994	-23.6060518539	29.2060518539
118.75	0.0157628711	-0.061932791	-23.8889951631	29.4889951631
119.0400009155	0.0127215926	-0.0604164824	-24.1884821752	29.7884821752
119.3300018311	0.0097732004	-0.0586794838	-24.5114431665	30.1114431665
119.6200027466	0.0068746596	-0.0566307195	-24.8754250323	30.4754250323
119.9100036621	0.0040810532	-0.0541707538	-25.3001231194	30.9001231194
120.1999969482	0.0014988655	-0.0512759387	-25.7980182557	31.3980182557
120.4899978638	-0.0008172382	-0.047992453	-26.3752819025	31.9752819025
120.7799987793	-0.0029087586	-0.0443261079	-27.0481464826	32.6481464826
121.0699996948	-0.0048227883	-0.040130537	-27.868225638	33.468225638
121.3600006104	-0.0064403778	-0.0351214521	-28.9449156564	34.5449156564
121.6500015259	-0.0073735807	-0.0290251374	-30.4729069818	36.0729069818
121.9400024414	-0.0069984226	-0.0216696076	-32.8520951867	38.4520951867
122.2300033569	-0.0042088595	-0.0124356328	-37.635648738	43.235648738
122.5199966431	0.0211450364	0.0130064134	-32.1022238092	37.7022238092
122.8099975586	-0.0053686718	-0.0095546581	-39.204059054	44.804059054
123.0999984741	0.0027257428	0.0024791274	-48.6723629227	54.2723629227
123.3899993897	0.0117840078	0.011822518	-35.5496469001	41.1496469001
123.6800003052	0.024341939	0.0200415682	-30.0252866507	35.6252866507
123.9700012207	0.0416596904	0.0253361389	-26.2388865503	31.8388865503
124.2600021362	0.063277036	0.0243966971	-23.3731939404	28.9731939404
124.5500030518	0.0859255418	0.0139805302	-21.2040792221	26.8040792221
124.8399963379	0.1038275212	-0.0064902534	-19.6568133233	25.2568133233
125.1299972534	0.1116069108	-0.0331428051	-18.6791495779	24.2791495779
125.419998169	0.1079277098	-0.0593902543	-18.1885433363	23.7885433363
125.7099990845	0.0958613083	-0.080064252	-18.06884453	23.66884453
126	0.0798930004	-0.0935835168	-18.198521488	23.798521488
126.2900009155	0.0632033348	-0.1009157598	-18.4836505337	24.0836505337
126.5800018311	0.0471055657	-0.1035472453	-18.8803329313	24.4803329313
126.8700027466	0.031894464	-0.102295205	-19.3999888085	24.9999888085
127.1600036621	0.0178074744	-0.0972330868	-20.1004412745	25.7004412745
127.4499969482	0.0053143823	-0.0880277008	-21.0918126892	26.6918126892
127.7399978638	-0.0054233167	-0.0730152428	-22.7078351551	28.3078351551
128.0299987793	-0.0095115285	-0.0195441525	-33.2565051362	38.8565051362
128.3200073242	-0.0043153875	-0.0698627904	-23.0985426097	28.6985426097
128.6100006104	-0.010146847	-0.0386598371	-27.9654784892	33.5654784892
128.8999938965	-0.0007018619	-0.0021408012	-52.9450921329	58.5450921329
129.1900024414	0.0464875437	0.0461799465	-23.6717040859	29.2717040859
129.4799957275	0.1844770014	0.0345519707	-14.531415671	20.131415671
129.7700042725	0.2173298448	-0.1578225642	-11.4182251808	17.0182251808
130.0599975586	0.0749172419	-0.1898661256	-13.8026260842	19.4026260842
130.3500061035	0.0246240888	-0.1775215566	-14.9322109923	20.5322109923
130.6399993897	-0.0026876787	-0.1578974426	-16.0312399505	21.6312399505
130.9299926758	-0.019619707	-0.1405365318	-16.9603866705	22.5603866705
131.2200012207	-0.0318167545	-0.1236319765	-17.8788776447	23.4788776447
131.5099945068	-0.0403073654	-0.1048392504	-18.9907996736	24.5907996736
131.8000030518	-0.0440298766	-0.0812926963	-20.6817956324	26.2817956324
132.0899963379	-0.0351811089	-0.0416999161	-25.2628048181	30.8628048181
132.3800048828	0.1474186331	-0.1254353374	-14.263594573	19.863594573
132.669998169	-0.0424775593	-0.111660786	-18.4550073436	24.0550073436
132.9600067139	-0.0447432846	-0.0691852421	-21.682223882	27.282223882
133.25	-0.0327427797	-0.036120493	-26.2401108243	31.8401108243
133.5399932861	-0.000763937	-0.0018741814	-53.8762353803	59.4762353803
133.8300018311	0.0754187554	0.020285137	-22.1470751229	27.7470751229
134.1199951172	0.1961099803	-0.0586971678	-13.7773952455	19.3773952455
134.4100036621	0.1539530754	-0.2372936755	-10.9685660958	16.5685660958
134.6999969482	0.0274382681	-0.2660846412	-11.4536672159	17.0536672159
134.9900054932	-0.038164217	-0.2357731164	-12.4377883845	18.0377883845
135.2799987793	-0.069197014	-0.205371052	-13.2822108902	18.8822108902
135.5700073242	-0.0855426118	-0.1814039648	-13.9550462893	19.5550462893
135.8600006104	-0.0952288434	-0.1629740149	-14.481956094	20.081956094
136.1499938965	-0.1019840613	-0.148595646	-14.8836506267	20.4836506267
136.4400024414	-0.1076457798	-0.136730507	-15.1880331963	20.7880331963
136.7299957275	-0.1127735153	-0.1260262579	-15.436266261	21.036266261
137.0200042725	-0.1170790344	-0.1157265753	-15.6702845709	21.2702845709
137.3099975586	-0.1200262681	-0.1058736444	-15.9149659296	21.5149659296
137.6000061035	-0.1211919785	-0.0970676914	-16.1780941212	21.7780941212
137.8899993897	-0.1164255217	-0.0904392153	-16.6285726479	22.2285726479
138.1799926758	-0.1325670332	-0.0828220248	-16.1201420958	21.7201420958
138.4700012207	-0.1309323907	-0.0770767555	-16.3668673007	21.9668673007
138.7599945068	-0.147524029	-0.0796067044	-15.5128492436	21.1128492436
139.0500030518	-0.1484799981	-0.0698190778	-15.6990859465	21.2990859465
139.3399963379	-0.1575418264	-0.0628829747	-15.4100435564	21.0100435564
139.6300048828	-0.1715049148	-0.0549107082	-14.8906481394	20.4906481394
139.919998169	-0.1953706741	-0.0437021144	-13.9707689112	19.5707689112
140.2100067139	-0.2460175306	-0.0176312495	-12.1584301597	17.7584301597
140.5	-0.3717592061	0.1521877795	-7.9218789222	13.5218789222
140.7899932861	0.1287667602	0.2019360214	-12.4139816153	18.0139816153
141.0800018311	0.023820905	0.0144452099	-31.1008253811	36.7008253811
141.3699951172	-0.0258129947	-0.0086017055	-31.3059223122	36.9059223122
141.6600036621	-0.0510955676	-0.0125873359	-25.5764598167	31.1764598167
141.9499969482	-0.0774196759	-0.0089737838	-22.1650125965	27.7650125965
142.2400054932	-0.0489646941	-0.0102167642	-26.0172596623	31.6172596623
142.5299987793	-0.0663978681	-0.0084993346	-23.4863323847	29.0863323847
142.8200073242	-0.0745190755	-0.0043506334	-22.5398728531	28.1398728531
143.1100006104	-0.0802130178	0.0009047	-21.9145504592	27.5145504592
143.3999938965	-0.0850168169	0.0073230565	-21.3777996303	26.9777996303
143.6900024414	-0.0899299234	0.0155608235	-20.7937948488	26.3937948488
143.9799957275	-0.0962232575	0.0281103924	-19.9787242402	25.5787242402
144.2700042725	-0.104335174	0.0549413189	-18.5684846376	24.1684846376
144.5599975586	-0.0679897144	0.1372525692	-16.2965590508	21.8965590508
144.8500061035	0.0364643447	0.0255403686	-27.0290536342	32.6290536342
145.1399993897	-0.0198225118	-0.0023049542	-33.9984989831	39.5984989831
145.4299926758	-0.040336024	0.0025185386	-27.8692396836	33.4692396836
145.7200012207	-0.0502107143	0.0112018669	-25.7731207637	31.3731207637
146.0099945068	-0.0525801107	0.0112347165	-25.3896889897	30.9896889897
146.3000030518	-0.0557333194	0.0185709335	-24.6204466371	30.2204466371
146.5899963379	-0.0572335534	0.0251317434	-24.0812500338	29.6812500338
146.8800048828	-0.0578884892	0.0326280631	-23.5500361813	29.1500361813
147.169998169	-0.0574983656	0.043150492	-22.8667522503	28.4667522503
147.4600067139	-0.0512071215	0.0654347837	-21.6090675298	27.2090675298
147.75	0.0116282133	0.0039366707	-38.2185008691	43.8185008691
148.0399932861	-0.0457688011	0.0317168683	-25.0853424349	30.6853424349
148.3300018311	-0.0429297499	0.0515241325	-23.4700954869	29.0700954869
148.6199951172	-0.0296521913	0.0664147139	-22.7653064524	28.3653064524
148.9100036621	-0.0055393553	0.0726966783	-22.7445657205	28.3445657205
149.1999969482	0.0207642186	0.0599875525	-23.94731679	29.54731679
149.4900054932	0.0305212643	0.034061946	-26.7948737002	32.3948737002
149.7799987793	0.0239566769	0.0139364973	-31.145549113	36.745549113
150.0700073242	0.0132213468	0.0041735689	-37.1619535399	42.7619535399
150.3600006104	0.0040128981	0.0007427759	-47.7845361746	53.3845361746
150.6499938965	-0.0028681362	0.0002937652	-50.8026818455	56.4026818455
150.9400024414	-0.0079407785	0.0011742932	-41.9087865307	47.5087865307
151.2299957275	-0.0118629737	0.0027234333	-38.2930645386	43.8930645386
151.5200042725	-0.0152557362	0.0048254752	-35.9172153156	41.5172153156
151.8099975586	-0.0189559795	0.0079253223	-33.7454360541	39.3454360541
152.1000061035	-0.0253959224	0.0147989914	-30.6350484684	36.2350484684
152.3899993897	-0.026658982	0.0885172263	-20.682370774	26.282370774
152.6799926758	0.013145077	-0.0049274573	-37.0537312343	42.6537312343
152.9700012207	-0.0087370099	0.0008385198	-41.1329241707	46.7329241707
153.2599945068	-0.0090145608	0.0041700248	-40.0589668674	45.6589668674
153.5500030518	-0.0097460002	0.0058523174	-38.8862274719	44.4862274719
153.8399963379	-0.0098756375	0.0074494518	-38.1524457012	43.7524457012
154.1300048828	-0.0085392417	0.0098921908	-37.6757802421	43.2757802421
154.419998169	-0.0050321505	-0.0008575203	-45.8406091741	51.4406091741
154.7100067139	-0.0105488775	0.0051235706	-38.6160321246	44.2160321246
155	-0.0102421874	0.0066674831	-38.2577228272	43.8577228272
155.2899932861	-0.0097498186	0.0073612705	-38.260936164	43.860936164
155.5800018311	-0.0090751341	0.00762871	-38.5215285193	44.1215285193
155.8699951172	-0.0033881231	-0.0040665325	-45.5259286867	51.1259286867
156.1600036621	-0.0088893669	0.0091528744	-37.8835639753	43.4835639753
156.4499969482	-0.0080991024	0.0088921972	-38.3963163439	43.9963163439
156.7400054932	-0.0076303962	0.0087636784	-38.6958580023	44.2958580023
157.0299987793	-0.0074629383	0.0088279508	-38.7410199946	44.3410199946
157.3200073242	-0.0083309524	0.0103531107	-37.530297881	43.130297881
157.6100006104	-0.0045142332	0.006127126	-42.3717163359	47.9717163359
157.8999938965	-0.0052100043	0.0072871484	-40.9557294686	46.5557294686
158.1900024414	-0.0047407704	0.0074771047	-41.0578366741	46.6578366741
158.4799957275	-0.0035612748	0.0069753374	-42.122703156	47.722703156
158.7700042725	-0.0090229809	0.0107044159	-37.0774680135	42.6774680135
159.0599975586	-0.0042743892	0.0082475562	-40.6402651558	46.2402651558
159.3500061035	-0.0034125368	0.0075750961	-41.6097792858	47.2097792858
159.6399993897	-0.0028919338	0.007055677	-42.3548120905	47.9548120905
159.9299926758	-0.0025000048	0.0066255573	-42.9974608883	48.5974608883
160.2200012207	-0.0021370472	0.0062578381	-43.5924526578	49.1924526578
160.5099945068	-0.0017513431	0.0059002815	-44.2158401808	49.8158401808
160.8000030518	-0.0013403661	0.0054927976	-44.9529259539	50.5529259539
161.0899963379	-0.0009364935	0.0049881996	-45.890683876	51.490683876
161.3800048828	-0.0006608053	0.0038481108	-48.1688338716	53.7688338716
161.669998169	-0.000277642	0.0037592335	-48.4743887896	54.0743887896
161.9600067139	-2.10E-05	0.0027595554	-51.1829672533	56.7829672533
162.25	2.69E-05	0.000544504	-65.2694072752	70.8694072752
162.5399932861	-0.012898745	0.0072310595	-36.6021904879	42.2021904879
162.8300018311	-0.0008692738	0.0059918086	-44.3583825531	49.9583825531
163.1199951172	4.75E-05	0.0045939959	-46.7557231989	52.3557231989
163.4100036621	0.0005244497	0.0039840192	-47.9189588635	53.5189588635
163.6999969482	0.0011311768	0.0038722611	-47.8850655731	53.4850655731
163.9900054932	0.0038148335	0.004465967	-44.6220840829	50.2220840829
164.2799987793	0.001663173	-0.0032183852	-48.8192890248	54.4192890248
164.5700073242	0.0091784298	-0.0063537373	-39.0443472356	44.6443472356
164.8600006104	1.13E-05	-0.0014170018	-56.9723150864	62.5723150864
165.1499938965	-0.0002336881	-0.0012638514	-57.8200822193	63.4200822193
165.4400024414	-0.0004868718	-0.0013098794	-57.0933599307	62.6933599307
165.7299957275	-0.0008967518	-0.0013031201	-56.0166312457	61.6166312457
166.0200042725	-0.0001103011	-7.19E-05	-77.6109010374	83.2109010374
166.3099975586	-0.0002351835	-0.0014750548	-56.5148138135	62.1148138135
166.6000061035	-0.0005215417	-0.0017130161	-54.9397826503	60.5397826503
166.8899993897	-0.0007553993	-0.0018796026	-53.8684197035	59.4684197035
167.1799926758	-0.0010136751	-0.0019788838	-53.059638661	58.659638661
167.4700012207	-0.0012779908	-0.0019742104	-52.5721463867	58.1721463867
167.7599945068	-0.0014931691	-0.0018632432	-52.4403150508	58.0403150508
168.0500030518	-0.0016152794	-0.0016919438	-52.6186967526	58.2186967526
168.3399963379	-0.001648239	-0.0015417573	-52.9296602604	58.5296602604
168.6300048828	-0.0016572253	-0.0016834574	-52.5333275881	58.1333275881
168.919998169	-0.0049203844	-0.0014986676	-45.7747274589	51.3747274589
169.2100067139	-0.0010135866	-0.0006016491	-58.5719162555	64.1719162555
169.5	-0.0012974783	-0.0005432053	-57.0365911223	62.6365911223
169.7899932861	6.14E-05	-0.0001197484	-77.4198196347	83.0198196347
170.0800018311	0.000100615	1.97E-05	-79.7837809612	85.3837809612
170.3699951172	0.0007650474	0.0002829235	-61.7695427641	67.3695427641
170.6600036621	0.0024157907	0.0005286129	-52.1356971398	57.7356971398
170.9499969482	-0.0045561781	-0.0040923413	-44.2589906263	49.8589906263
171.2400054932	0.0041600526	-0.0003254529	-47.5915240269	53.1915240269
171.5299987793	-0.0013098147	-0.0006055877	-56.8144604341	62.4144604341
171.8200073242	0.0006448586	8.96E-05	-63.7276369033	69.3276369033
172.1100006104	0.0017494402	0.0001426115	-55.1132534288	60.7132534288
172.3999938965	0.0027216389	-1.80E-05	-51.3031990566	56.9031990566
172.6900024414	0.0023744786	-0.0045515806	-45.7913640216	51.3913640216
172.9799957275	0.0036403504	-0.0003332849	-48.7408855652	54.3408855652
173.2700042725	0.0042460109	-0.0007518487	-47.306298572	52.906298572
173.5599975586	0.0044575138	-0.0011629306	-46.7321702693	52.3321702693
173.8500061035	0.0039476962	-0.001400821	-47.5580690777	53.1580690777
174.1399993897	0.001191792	-0.0005401856	-57.6645348038	63.2645348038
174.4299926758	-0.0172396377	0.0275991429	-29.751377538	35.351377538
174.7200012207	0.0245815013	-0.0080138864	-31.7491640268	37.3491640268
175.0099945068	0.0175313689	-0.0092952419	-34.0477897329	39.6477897329
175.3000030518	0.0157453027	-0.0107465601	-34.3961136147	39.9961136147
175.5899963379	0.0147314807	-0.0126210842	-34.2445621197	39.8445621197
175.8800048828	0.013521581	-0.0148231974	-33.9516902202	39.5516902202
176.169998169	0.0113778068	-0.0171585456	-33.7276714338	39.3276714338
176.4600067139	0.0065396274	-0.0183541998	-34.2062417054	39.8062417054
176.75	0.0272393692	-0.0105764829	-30.6862084561	36.2862084561
177.0399932861	0.0005410205	-0.0257908814	-31.7687656629	37.3687656629
177.3300018311	0.003976624	-0.0005566373	-47.925438169	53.525438169
177.6199951172	-0.0049015195	-0.0133442124	-36.9444894609	42.5444894609
177.9100036621	-0.0066942433	-0.0129498253	-36.7261885564	42.3261885564
178.1999969482	-0.0023228074	-0.0019460118	-50.3704396735	55.9704396735
178.4900054932	0.0061645317	0.0014232207	-43.9764686983	49.5764686983
178.7799987793	0.0133173484	0.0002548221	-37.5100549402	43.1100549402
179.0700073242	0.0185327251	-0.0027705471	-34.5452238056	40.1452238056
179.3600006104	0.0222778078	-0.0065045338	-32.6872584463	38.2872584463
179.6499938965	0.0249259099	-0.0106057907	-31.3443189148	36.9443189148
179.9400024414	0.0271332115	-0.0147032933	-30.2118152494	35.8118152494
180.2299957275	0.0284408946	-0.0193553716	-29.2682627271	34.8682627271
180.5200042725	0.0288956948	-0.0247091372	-28.3998111237	33.9998111237
180.8099975586	0.0258577578	-0.0345152467	-27.3050435893	32.9050435893
181.1000061035	0.0185515694	-0.0369790792	-27.6659441594	33.2659441594
181.3899993897	0.0387412161	-0.0135257263	-27.7370250683	33.3370250683
181.6799926758	0.0385440141	-0.0330490693	-25.8873696471	31.4873696471
181.9700012207	0.0372726507	-0.0417070538	-25.0463207611	30.6463207611
182.2599945068	0.0355839692	-0.0504261218	-24.1918758794	29.7918758794
182.5500030518	0.0328176022	-0.0619202293	-23.0882035483	28.6882035483
182.8399963379	0.0047757439	-0.0875452757	-21.1424407795	26.7424407795
183.1300048828	0.0303282402	-0.0229500923	-28.3967889159	33.9967889159
183.419998169	0.0375072546	-0.0512399822	-23.9444394055	29.5444394055
183.7100067139	0.036052186	-0.0641117021	-22.6679707784	28.2679707784
184	0.0335833058	-0.0743244961	-21.7704977385	27.3704977385
184.2899932861	0.0302755143	-0.0840265602	-20.9815661947	26.5815661947
184.5800018311	0.025855422	-0.0938353688	-20.2348590627	25.8348590627
184.8699951172	0.0199718866	-0.1038726121	-19.5123217827	25.1123217827
185.1600036621	0.0122953085	-0.1140206382	-18.8101214454	24.4101214454
185.4499969482	0.0025267568	-0.1240405887	-18.1269218769	23.7269218769
185.7400054932	-0.0096512754	-0.1335979253	-17.461399734	23.061399734
186.0299987793	-0.0246095341	-0.1421843916	-16.8147692407	22.4147692407
186.3200073242	-0.0427101776	-0.1489811391	-16.1943533092	21.7943533092
186.6100006104	-0.0641319528	-0.1527490318	-15.6153401017	21.2153401017
186.8999938965	-0.0886662826	-0.1517967582	-15.0998579023	20.6998579023
187.1900024414	-0.11575789	-0.1437793076	-14.675975497	20.275975497
187.4799957275	-0.1459712535	-0.1223675609	-14.403156422	20.003156422
187.7700042725	-0.0113785127	-0.0941403136	-20.4615001967	26.0615001967
188.0599975586	-0.1597908735	-0.1130088717	-14.1675441615	19.7675441615
188.3500061035	-0.1775444746	-0.0794214532	-14.221658665	19.821658665
188.6399993897	-0.1825757325	-0.0473210178	-14.4887734899	20.0887734899
188.9299926758	-0.1767537445	-0.015016268	-15.0213949129	20.6213949129
189.2200012207	-0.1528680921	0.0190903079	-16.2464565117	21.8464565117
189.5099945068	-0.0313499346	0.0216781218	-28.3780631631	33.9780631631
189.8000030518	-0.2167452723	-0.0641876087	-12.9159132011	18.5159132011
190.0899963379	-0.1940475255	0.0095668649	-14.2312944335	19.8312944335
190.3800048828	-0.1741974801	0.0348717161	-15.0085201548	20.6085201548
190.669998169	-0.1583920717	0.0494446196	-15.6014932359	21.2014932359
190.9600067139	-0.144945085	0.0595022067	-16.0995575151	21.6995575151
191.25	-0.1328612864	0.0673851073	-16.5378645044	22.1378645044
191.5399932861	-0.1206147149	0.0756430849	-16.9315084163	22.5315084163
191.8300018311	-0.1126774922	0.0731635764	-17.4354381932	23.0354381932
192.1199951172	-0.1018306091	0.0778158978	-17.8450025632	23.4450025632
192.4100036621	-0.0920663178	0.0793751329	-18.3042493617	23.9042493617
192.6999969482	-0.0835708082	0.0788939521	-18.7915190325	24.3915190325
192.9900054932	-0.076328069	0.0870904028	-18.7254815172	24.3254815172
193.2799987793	-0.0588498265	0.0922912657	-19.2150766394	24.8150766394
193.5700073242	-0.0714842379	0.0745475888	-19.7194389218	25.3194389218
193.8600006104	-0.0627802908	0.0788595378	-19.9309810095	25.5309810095
194.1499938965	-0.0546680689	0.0796654299	-20.2987737455	25.8987737455
194.4400024414	-0.0454382934	0.0782146379	-20.8713160276	26.4713160276
194.7299957275	-0.0294497591	0.07050547	-22.3371287752	27.9371287752
195.0200042725	-0.0730560869	0.0834601	-19.0999673766	24.6999673766
195.3099975586	-0.0449397787	0.0795323327	-20.7857492563	26.3857492563
195.6000061035	-0.0365691595	0.0767621696	-21.4087767479	27.0087767479
195.8899993897	-0.0297589079	0.074130863	-21.9511279092	27.5511279092
196.1799926758	-0.0264548808	0.066016525	-22.9601754327	28.5601754327
196.4700012207	-0.0162538849	0.063943103	-23.6122039302	29.2122039302
196.7599945068	-0.0080740144	0.0528309718	-25.4419598425	31.0419598425
197.0500030518	9.74E-05	0.0232790653	-32.6606132788	38.2606132788
197.3399963379	-0.1185825616	-0.0396268591	-18.0598234526	23.6598234526
197.6300048828	-0.0739648193	0.0996008068	-18.1272991069	23.7272991069
197.919998169	-0.0387280323	0.0936073661	-19.8875954814	25.4875954814
198.2100067139	-0.0241047703	0.0892699137	-20.6802588783	26.2802588783
198.5	0.027615793	0.1525718719	-16.1905093794	21.7905093794
198.7899932861	-0.0054775812	0.0524961278	-25.550426878	31.150426878
199.0800018311	-0.1052827612	0.0365653671	-19.0582645032	24.6582645032
199.3699951172	-0.0176467821	0.0736484006	-22.4142903165	28.0142903165
199.6600036621	0.0008669561	0.0447819307	-26.976316331	32.576316331
199.9499969482	-0.0086512733	0.0689457431	-23.162003541	28.762003541
200.2400054932	0.0012135936	0.0284989588	-30.895551858	36.495551858
200.5299987793	-0.0178167783	0.1128538027	-18.84275742	24.44275742
200.8200073242	0.0053851898	0.0328231491	-29.5610377506	35.1610377506
201.1100006104	0.008360751	0.1063885242	-19.4353651576	25.0353651576
201.3999938965	0.0027331025	0.0936065689	-20.5701726444	26.1701726444
201.6900024414	0.0227646604	0.071628198	-22.4804160909	28.0804160909
201.9799957275	0.0166269485	0.0264078472	-30.1151693587	35.7151693587
202.2700042725	-0.0904782861	0.0576253608	-19.3903779369	24.9903779369
202.5599975586	-0.0269993059	0.1026398614	-19.4831107231	25.0831107231
202.8500061035	-0.0044048168	0.0957129374	-20.3713987171	25.9713987171
203.1399993897	0.0066078217	0.0891079083	-20.9778585616	26.5778585616
203.4299926758	0.0140988035	0.0828798339	-21.5071309855	27.1071309855
203.7200012207	0.0161450133	0.0754593089	-22.2513509895	27.8513509895
204.0099945068	0.0353087932	0.0663444251	-22.480827354	28.080827354
204.3000030518	0.0389154851	0.0451104306	-24.4984922376	30.0984922376
204.5899963379	0.0059480248	0.003077636	-43.4822939515	49.0822939515
204.8800048828	-0.0435569547	0.0634368509	-22.2757249409	27.8757249409
205.169998169	-0.0321190022	0.0707672536	-22.1898934352	27.7898934352
205.4600067139	0.0008775421	0.0912532508	-20.7946314938	26.3946314938
205.75	0.0142856222	0.0923076496	-20.5924545713	26.1924545713
206.0399932861	0.024448514	0.0504455827	-25.0272655837	30.6272655837
206.3300018311	0.0272271987	0.0768327788	-21.7753140389	27.3753140389
206.6199951172	0.0357311331	0.0801697001	-21.1328966294	26.7328966294
206.9100036621	0.0564408265	0.0819765702	-20.0411373485	25.6411373485
207.1999969482	0.0987542793	-0.0019412925	-20.1072036033	25.7072036033
207.4900054932	0.0203239936	0.0250955783	-29.8177700231	35.4177700231
207.7799987793	0.0203454997	0.0915232673	-20.5598899959	26.1598899959
208.0700073242	0.0522502512	0.1009396538	-18.8877438076	24.4877438076
208.3600006104	0.2363210917	0.0634939149	-12.2272447773	17.8272447773
208.6499938965	0.0073156673	0.0002480907	-42.7099293212	48.3099293212
208.9400024414	0.0181646235	0.0328693278	-28.5067424916	34.1067424916
209.2299957275	0.0235525277	0.0397510864	-26.7062847864	32.3062847864
209.5200042725	0.0318892375	0.0483029522	-24.7494240321	30.3494240321
209.8099975586	0.0557613485	0.0618816428	-21.5872403626	27.1872403626
210.1000061035	0.0235056058	-0.0881913379	-20.7934323789	26.3934323789
210.3899993897	0.0195643809	0.0269169584	-29.5573954475	35.1573954475
210.6799926758	0.0263842139	0.0335252509	-27.3991210201	32.9991210201
210.9700012207	0.0285806954	0.0194522105	-29.2254319412	34.8254319412
211.2599945068	0.0289257132	0.0293734185	-27.6968021151	33.2968021151
211.5500030518	0.0304275025	0.0296107549	-27.4409347455	33.0409347455
211.8399963379	0.0334851556	0.0294550397	-27.0139687782	32.6139687782
212.1300048828	0.0368842594	0.0261376463	-26.8959876185	32.4959876185
212.419998169	0.0379134789	0.0192176178	-27.4310224491	33.0310224491
212.7100067139	0.0293116383	0.0118159391	-30.0052644147	35.6052644147
213	0.0185151082	0.0068098614	-34.0984564506	39.6984564506
213.2899932861	-0.0043542767	0.0041895765	-44.3756108629	49.9756108629
213.5800018311	-0.0836474821	0.0099109495	-21.4903975413	27.0903975413
213.8699951172	0.160797745	0.0506003238	-15.4643235527	21.0643235527
214.1600036621	0.0807288364	0.0292314403	-21.3243693543	26.9243693543
214.4499969482	0.0715669319	0.0234123785	-22.4641960591	28.0641960591
214.7400054932	0.0690465569	0.0145676425	-23.0280177112	28.6280177112
215.0299987793	0.0644480512	0.0046740258	-23.793021404	29.393021404
215.3200073242	0.0567115769	-0.003212149	-24.9126552364	30.5126552364
215.6100006104	0.0472315289	-0.0079436544	-26.3942192735	31.9942192735
215.8999938965	0.0359624326	-0.0102810534	-28.5418333521	34.1418333521
216.1900024414	0.0167192928	-0.0078721419	-34.6660246104	40.2660246104
216.4799957275	-0.0112080108	0.0501798093	-25.7779887308	31.3779887308
216.7700042725	0.0963282958	0.0226191245	-20.0918335743	25.6918335743
217.0599975586	0.0608998612	-0.0269895811	-23.5288800315	29.1288800315
217.3500061035	0.0056584072	-0.0137444483	-36.5575035598	42.1575035598
217.6399993897	0.0541607887	0.0285029095	-24.2645461749	29.8645461749
217.9299926758	0.0619587302	-0.0104189757	-24.0368453881	29.6368453881
218.2200012207	0.0436938852	-0.0278883725	-25.7074576063	31.3074576063
218.5099945068	0.0210553166	-0.0290787388	-28.8978097739	34.4978097739
218.8000030518	0.0038993468	-0.0157924388	-35.7740026718	41.3740026718
219.0899963379	-6.47E-06	0.0033096331	-49.6043863512	55.2043863512
219.3800048828	0.007050795	0.0179714393	-34.2865652461	39.8865652461
219.669998169	0.0180151928	0.0245319065	-30.3321945232	35.9321945232
219.9600067139	0.0280565713	0.024761375	-28.5377987737	34.1377987737
220.25	0.0365825668	0.0250310861	-27.0667292788	32.6667292788
220.5399932861	0.0413252674	0.020847911	-26.6909678079	32.2909678079
220.8300018311	0.0453711227	0.0185589064	-26.1925132984	31.7925132984
221.1199951172	0.0494191498	0.0149547467	-25.7415666477	31.3415666477
221.4100036621	0.0555832349	0.0119132735	-24.9060631126	30.5060631126
221.6999969482	0.0612335093	0.0068494515	-24.2062144033	29.8062144033
221.9900054932	0.0816410258	-0.0097021395	-21.700925843	27.300925843
222.2799987793	0.0293291975	0.0058063953	-30.487032643	36.087032643
222.5700073242	0.0489028543	-0.0050194729	-26.1678008483	31.7678008483
222.8600006104	0.0522657596	-0.0103806909	-25.4676296534	31.0676296534
223.1499938965	0.0552605316	-0.0149836978	-24.843595791	30.443595791
223.4400024414	0.0596768595	-0.021821456	-23.938870875	29.538870875
223.7299957275	0.0654033497	-0.0349337608	-22.5979796659	28.1979796659
224.0200042725	0.0696163252	-0.0725178123	-19.9545225749	25.5545225749
224.3099975586	-0.0255005993	-0.0038907169	-31.7690529697	37.3690529697
224.6000061035	0.0381695926	-0.0275386572	-26.5456834637	32.1456834637
224.8899993897	0.0368191935	-0.0533379428	-23.7668979332	29.3668979332
225.1799926758	0.0114205396	-0.0713011473	-22.8280545689	28.4280545689
225.4700012207	-0.0239998773	-0.0570265204	-24.1702601346	29.7702601346
225.7599945068	-0.0291272625	-0.0311275497	-27.4056817007	33.0056817007
226.0500030518	-0.0193349831	-0.0092721237	-33.3741795305	38.9741795305
226.3399963379	-0.0080722086	-0.0023055482	-41.5195811057	47.1195811057
226.6300048828	0.0013303685	-0.0005572999	-56.8183991139	62.4183991139
226.919998169	0.0120667377	-0.0042573987	-37.8586748564	43.4586748564
227.2100067139	0.0071806549	0.0040561794	-41.6739915114	47.2739915114
227.5	0.0094218981	-0.0028841137	-40.1282427009	45.7282427009
227.7899932861	0.011463929	-0.004698372	-38.1390190009	43.7390190009
228.0800018311	0.0160592534	-0.0081856893	-34.8824343334	40.4824343334
228.3699951172	0.0190883987	-0.014658751	-32.3713699893	37.9713699893
228.6600036621	0.0087091224	-0.0388299152	-28.0035145462	33.6035145462
228.9499969482	-0.0028395823	0.0003696324	-50.8619379611	56.4619379611
229.2400054932	0.0085798129	-0.00148962	-41.2014658618	46.8014658618
229.5299987793	0.012002781	-0.0056519425	-37.5445968123	43.1445968123
229.8200073242	0.0131057575	-0.0082776723	-36.1928103927	41.7928103927
230.1100006104	0.0134871118	-0.0095781917	-35.6281416534	41.2281416534
230.3999938965	0.0139425779	-0.0113774622	-34.8966666124	40.4966666124
230.6900024414	0.0143123111	-0.0133437561	-34.1691681722	39.7691681722
230.9799957275	0.0137347234	-0.0158488303	-33.5671707578	39.1671707578
231.2700042725	0.0120328665	-0.0181546025	-33.2387411672	38.8387411672
231.5599975586	0.0094010765	-0.0198593307	-33.1625679649	38.7625679649
231.8500061035	0.002146448	-0.0213405006	-33.3721931809	38.9721931809
232.1399993897	0.0095804976	-0.0188343246	-33.5016130518	39.1016130518
232.4299926758	0.006400736	-0.0202649571	-33.452096127	39.052096127
232.7200012207	0.0015769511	-0.0309948772	-30.1629741874	35.7629741874
233.0099945068	-0.0073116506	-0.0279115047	-30.7960932555	36.3960932555
233.3000030518	-0.0223296415	-0.013272509	-31.7084269958	37.3084269958
233.5899963379	0.0018603621	-0.0042472081	-46.6756711296	52.2756711296
233.8800048828	-0.0006778453	-0.0131986253	-37.5779862739	43.1779862739
234.169998169	-0.0046792007	-0.0128913075	-37.2565570377	42.8565570377
234.4600067139	-0.0066955863	-0.0104061048	-38.1497405449	43.7497405449
234.75	-0.0072417515	-0.0074895257	-39.6442634537	45.2442634537
235.0399932861	-0.0065928008	-0.0044620386	-41.9808331815	47.5808331815
235.3300018311	0.0001523888	-0.0008228307	-61.547328536	67.147328536
235.6199951172	-0.0037702026	-0.0025089588	-46.8804911674	52.4804911674
235.9100036621	-0.0048117866	-0.0016758958	-45.8566324765	51.4566324765
236.1999969482	-0.0017787418	-0.0002592296	-54.9064657987	60.5064657987
236.4900054932	-5.86E-05	-0.0002348245	-72.3230426663	77.9230426663
236.7799987793	0.0011368609	-0.0005084975	-58.0938191809	63.6938191809
237.0700073242	0.0020639787	-0.0009161975	-52.9247871488	58.5247871488
237.3600006104	0.0002992394	-0.0019303438	-54.1841765295	59.7841765295
237.6499938965	0.0037763724	-0.0012250997	-48.0239259565	53.6239259565
237.9400024414	0.0042241337	-0.002226121	-46.4208572254	52.0208572254
238.2299957275	0.0041697095	-0.0030915304	-45.6953732242	51.2953732242
238.5200042725	0.0036588891	-0.0036087525	-45.782223232	51.382223232
238.8099975586	0.0034293551	-0.0037144357	-45.9248147383	51.5248147383
239.1000061035	0.0449616276	0.005353454	-26.8820219817	32.4820219817
239.3899993897	0.0008482444	0.0039037447	-47.9700136011	53.5700136011
239.6799926758	0.0369135998	0.0033549359	-28.6205453463	34.2205453463
239.9700012207	0.0129478015	-0.0020193018	-37.6517117065	43.2517117065
240.2599945068	0.0053693675	-0.0232008565	-32.463328086	38.063328086
240.5500030518	-0.0045657181	-0.0190523341	-34.1585291738	39.7585291738
240.8399963379	-0.0086205294	-0.0131289046	-36.0786312994	41.6786312994
241.1300048828	-0.0093380278	-0.0082725631	-38.0789534323	43.6789534323
241.419998169	-0.0088610658	-0.0051426715	-39.7895318017	45.3895318017
241.7100067139	-0.0085715363	-0.0031339047	-40.7939361974	46.3939361974
242	-0.0089368895	-0.0012781663	-40.8883331909	46.4883331909
242.2899932861	-0.0098081622	0.001539689	-40.0625220968	45.6625220968
242.5800018311	-0.0120707992	-0.0143055888	-34.5549283915	40.1549283915
242.8699951172	-0.0053756996	0.0312721916	-29.9703604046	35.5703604046
243.1600036621	0.0144741507	0.010975305	-34.8154086516	40.4154086516
243.4499969482	0.0110633457	0.0033466546	-38.7420096922	44.3420096922
243.7400054932	0.0094587728	0.0013005495	-40.4019657646	46.0019657646
244.0299987793	0.0031010823	0.0005819423	-50.0194267239	55.6194267239
244.3200073242	0.0061449944	0.0005554186	-44.1942344251	49.7942344251
244.6100006104	0.0066910302	-1.88E-05	-43.4901057729	49.0901057729
244.8999938965	0.0067463503	-0.0009413015	-43.3348865353	48.9348865353
245.1900024414	0.0061436505	-0.0017256087	-43.9016911965	49.5016911965
245.4799957275	0.0049342751	-0.0018723297	-45.5513287018	51.1513287018
245.7700042725	0.0070083076	-0.0012971374	-42.9414534207	48.5414534207
246.0599975586	0.0069319531	-0.0007070365	-43.1379399477	48.7379399477
246.3500061035	0.006842426	-0.0014343185	-43.1090378029	48.7090378029
246.6399993897	0.0070965202	-0.0026192088	-42.4244567282	48.0244567282
246.9299926758	0.0059429929	-0.0028447746	-43.6239113703	49.2239113703
247.2200012207	0.0048513059	-0.0030490067	-44.8370781593	50.4370781593
247.5099945068	0.004354367	-0.0022253757	-46.2136939749	51.8136939749
247.8000030518	0.0045485483	-0.0013750023	-46.4627755087	52.0627755087
248.0899963379	0.0052070338	-0.0013692805	-45.3777979381	50.9777979381
248.3800048828	0.0049190479	-0.0023983906	-45.2361318136	50.8361318136
248.669998169	0.0017990599	-0.0032039662	-48.6960138426	54.2960138426
248.9600067139	-0.0093638292	0.0010419403	-40.5174877013	46.1174877013
249.25	0.0607364327	-0.0311541744	-23.3166097906	28.9166097906
249.5399932861	0.0106769735	-0.0014470698	-39.3519855179	44.9519855179
249.8300018311	0.0104765911	-0.0066688322	-38.118247138	43.718247138
250.1199951172	0.0095660146	-0.0054097841	-39.1802510961	44.7802510961
250.4100036621	0.0096204113	-0.0052177715	-39.2162492422	44.8162492422
250.6999969482	0.0096927835	-0.0057377992	-38.9663287467	44.5663287467
250.9900054932	0.0092807459	-0.0071864324	-38.6082310534	44.2082310534
251.2799987793	0.0067306049	-0.0055233939	-41.2027967725	46.8027967725
251.5700073242	0.0072877989	-0.005462016	-40.8120648161	46.4120648161
251.8600006104	0.0076652155	-0.0054507712	-40.5322147041	46.1322147041
252.1499938965	0.0080682691	-0.0059489226	-39.9789164648	45.5789164648
252.4400024414	0.0079588359	-0.006633841	-39.6919424867	45.2919424867
252.7299957275	0.0078503294	-0.0071164723	-39.497291201	45.097291201
253.0200042725	0.0070672315	-0.0056515033	-40.8679431815	46.4679431815
253.3099975586	0.007045242	-0.0067485953	-40.2145898526	45.8145898526
253.6000061035	0.0083496366	-0.0083496217	-38.5563563424	44.1563563424
253.8899993897	-0.002023882	-0.0055187522	-44.6151771335	50.2151771335
254.1799926758	0.0068899663	-0.0065803556	-40.4204467292	46.0204467292
254.4700012207	0.0077288286	-0.0074680052	-39.3739585949	44.9739585949
254.7599945068	0.0069276332	-0.0076717255	-39.7123574328	45.3123574328
255.0500030518	0.0083195763	-0.0136127183	-35.9427561225	41.5427561225
255.3399963379	0.0067672376	-0.006550381	-40.5206171672	46.1206171672
255.6300048828	0.0072580399	-0.0075449822	-39.6016606636	45.2016606636
255.919998169	0.0070711183	-0.0084733618	-39.1435779121	44.7435779121
256.2099914551	0.00626683	-0.0097632194	-38.7097555354	44.3097555354
256.5	0.0075561595	-0.0091488305	-38.5140768754	44.1140768754
256.7900085449	0.0057106861	-0.0073385183	-40.6315570563	46.2315570563
257.0799865723	0.0073880819	-0.0081144208	-39.1927404528	44.7927404528
257.3699951172	0.0017657822	-0.0053979792	-44.9138725372	50.5138725372
257.6600036621	0.0060650934	-0.0081655448	-39.8522130963	45.4522130963
257.950012207	0.0059738769	-0.0090941349	-39.2668316321	44.8668316321
258.2399902344	0.0050633661	-0.0091627138	-39.6021718289	45.2021718289
258.5299987793	0.0057976609	-0.0050109103	-42.3119846329	47.9119846329
258.8200073242	0.0064776707	-0.0094229411	-38.8355153359	44.4355153359
259.1099853516	0.0053396025	-0.0118535124	-37.7206932788	43.3206932788
259.3999938965	0.006456749	-0.0107207056	-38.0514408147	43.6514408147
259.6900024414	0.0060728663	-0.0111672692	-37.9159195314	43.5159195314
259.9800109863	0.0058290665	-0.011353625	-37.8812472939	43.4812472939
260.2699890137	0.0063746828	-0.0116726784	-37.5230162481	43.1230162481
260.5599975586	0.0087358449	-0.0143662104	-35.4866960145	41.0866960145
260.8500061035	-0.0089593418	0.0049314979	-39.8051201092	45.4051201092
261.1400146484	0.0044018617	-0.0075220899	-41.1942520739	46.7942520739
261.4299926758	0.0053721005	-0.0099521084	-38.9311612805	44.5311612805
261.7200012207	0.005275459	-0.0112363677	-38.1223561212	43.7223561212
262.0100097656	0.0049945973	-0.011898336	-37.7854298264	43.3854298264
262.299987793	0.0048702736	-0.0122993728	-37.569765018	43.169765018
262.5899963379	0.0047457963	-0.0124903964	-37.4828250757	43.0828250757
262.8800048828	0.0047479719	-0.0137380343	-36.7514814163	42.3514814163
263.1700134277	0.0047120885	-0.0121912584	-37.6743443878	43.2743443878
263.4599914551	0.0041420758	-0.0194244981	-34.0398831271	39.6398831271
263.75	0.0037485552	-0.0152987037	-36.053697338	41.653697338
264.0400085449	0.0034572785	-0.0237334128	-32.4016023906	38.0016023906
264.3299865723	0.0026938964	-0.0030104015	-47.8729062064	53.4729062064
264.6199951172	0.0044421977	-0.0133313956	-37.0452256378	42.6452256378
264.9100036621	0.0026523732	-0.0196165163	-34.0688813393	39.6688813393
265.200012207	0.0029569834	-0.0089162579	-40.5431774027	46.1431774027
265.4899902344	0.0030850708	-0.0134952972	-37.1751223493	42.7751223493
265.7799987793	0.0032635455	-0.0152613325	-36.1339581996	41.7339581996
266.0700073242	0.0033973665	-0.0179477055	-34.7669295132	40.3669295132
266.3599853516	0.0047425707	-0.0184962302	-34.3818034591	39.9818034591
266.6499938965	-0.0014364468	0.0096140904	-40.2459524136	45.8459524136
266.9400024414	0.002003751	-0.0211984813	-33.4352746101	39.0352746101
267.2300109863	0.0039102193	0.0083061522	-40.7426527485	46.3426527485
267.5199890137	-0.0052178577	-0.0320216157	-29.7773254652	35.3773254652
267.8099975586	0.0007556164	-0.0044534542	-46.9028021181	52.5028021181
268.1000061035	-0.0037115742	0.0076325056	-41.4248100611	47.0248100611
268.3900146484	0.0022325248	-0.0212167911	-33.4185843707	39.0185843707
268.6799926758	0.0002125636	-0.0217673499	-33.2434747028	38.8434747028
268.9700012207	-0.0010946341	-0.022847794	-32.8131573472	38.4131573472
269.2600097656	-0.0020958842	-0.0243032724	-32.2545254115	37.8545254115
269.549987793	-0.0032054693	-0.026491303	-31.4748086783	37.0748086783
269.8399963379	-0.0050481441	-0.0296230055	-30.4430925991	36.0430925991
270.1300048828	-0.0083497502	-0.0338783786	-29.1454427753	34.7454427753
270.4200134277	-0.0145333121	-0.0402465314	-27.3731154979	32.9731154979
270.7099914551	-0.0338056944	-0.0537048802	-23.9501415032	29.5501415032
271	-0.1568679512	0.0208692942	-16.0131223245	21.6131223245
271.2900085449	0.0019290159	0.0185642671	-34.5798030221	40.1798030221
271.5799865723	-0.0014932127	-0.0037185964	-47.9431819265	53.5431819265
271.8699951172	-0.0038986471	-0.008080421	-40.942437562	46.542437562
272.1600036621	-0.0230348222	-0.0227968246	-29.786873605	35.386873605
272.450012207	-0.017848637	-0.0179673992	-31.9287018075	37.5287018075
272.7399902344	-0.0208346639	-0.0163525306	-31.5397945968	37.1397945968
273.0299987793	-0.0238803215	-0.0123461653	-31.4104341577	37.0104341577
273.3200073242	-0.0234187376	-0.0048679044	-32.4250242314	38.0250242314
273.6099853516	-0.002191968	-0.0006704807	-52.7948776649	58.3948776649
273.8999938965	-0.0373881832	-0.0197021607	-27.4810605207	33.0810605207
274.1900024414	-0.0141580887	0.0078257201	-35.822072776	41.422072776
274.4800109863	-0.0288431365	-0.0251111016	-28.349059232	33.949059232
274.7699890137	-0.0330869742	-0.0111066932	-29.1431474166	34.7431474166
275.0599975586	-0.0373500846	4.54E-05	-28.5541617704	34.1541617704
275.3500061035	-0.0425959416	-0.0084609166	-27.2445800122	32.8445800122
275.6400146484	-0.0348187163	0.0048172376	-29.0814010158	34.6814010158
275.9299926758	-0.0261517726	0.0082507795	-31.2378760463	36.8378760463
276.2200012207	-0.0392883644	0.0144101037	-27.5665763957	33.1665763957
276.5100097656	-0.0259395074	0.0147969648	-30.4972853254	36.0972853254
276.799987793	-0.0206709132	0.0148395123	-31.8876171891	37.4876171891
277.0899963379	-0.0187859554	0.0146391345	-32.4625123679	38.0625123679
277.3800048828	-0.0159050431	0.0145792132	-33.320580598	38.920580598
277.6700134277	-0.0139341904	0.014120617	-34.0499623777	39.6499623777
277.9599914551	-0.0108665088	0.0158358365	-34.3314464005	39.9314464005
278.25	-0.0086939335	0.0128137488	-36.2019313428	41.8019313428
278.5400085449	-0.0105151478	0.0146720065	-34.870007906	40.470007906
278.8299865723	-0.0067406176	0.0109406943	-37.8216161653	43.4216161653
279.1199951172	-0.0047823666	0.0082337055	-40.4256063675	46.0256063675
279.4100036621	-0.0033871322	0.0057993969	-43.4576887292	49.0576887292
279.700012207	-0.0045513883	0.0099686906	-39.2049341761	44.8049341761
279.9899902344	-0.0020440023	0.0075023854	-42.1850504831	47.7850504831
280.2799987793	0.0035315624	-0.0048468565	-44.4413260821	50.0413260821
280.5700073242	-0.0102854148	0.0212260894	-32.546623446	38.146623446
280.8599853516	-0.0023832514	0.009637028	-40.0633369538	45.6633369538
281.1499938965	-0.0009408667	0.0066598118	-43.444934967	49.044934967
281.4400024414	0.0001215143	0.003466269	-49.1974207989	54.7974207989
281.7300109863	-0.0105770743	-0.0223833323	-32.1261883755	37.7261883755
282.0199890137	-0.0028902339	0.0162577573	-35.6436562827	41.2436562827
282.3099975586	-9.80E-05	0.0045023616	-46.9291343423	52.5291343423
282.6000061035	-0.0004309445	0.0023553628	-52.4158420838	58.0158420838
282.8900146484	-0.0005525497	0.0008273799	-60.0442241384	65.6442241384
283.1799926758	-0.0011049111	-0.0025271843	-51.1875866125	56.7875866125
283.4700012207	-4.65E-06	0.0027796517	-51.1201803129	56.7201803129
283.7600097656	0.0002185489	-0.0020188459	-53.8473376229	59.4473376229
284.049987793	-0.0010797689	-0.0046933456	-46.3463569347	51.9463569347
284.3399963379	-0.0029651718	-0.0099156853	-39.7015757959	45.3015757959
284.6300048828	-0.0313320719	-0.0041169096	-30.0058770599	35.6058770599
284.9200134277	-0.0042749774	0.0091976169	-39.8770455149	45.4770455149
285.2099914551	0.0002259502	0.0005285184	-64.8097941113	70.4097941113
285.5	-0.0006354888	-0.0038648467	-48.1414956666	53.7414956666
285.7900085449	-0.0033567171	-0.0071422555	-42.0565583288	47.6565583288
286.0799865723	-0.0104603432	0.001393214	-39.5327145898	45.1327145898
286.3699951172	-0.0024072572	-0.0078124716	-41.7503114021	47.3503114021
286.6600036621	-0.0054916129	-0.0106683979	-38.4172037532	44.0172037532
286.950012207	-0.0101803327	-0.014082103	-35.2007244561	40.8007244561
287.2399902344	-0.0284252893	-0.0267113689	-28.1772966942	33.7772966942
287.5299987793	-0.0031424856	-0.0089080399	-40.4949694022	46.0949694022
287.8200073242	-0.0143518159	-0.0174608231	-32.917023839	38.517023839
288.1099853516	-0.0279705524	-0.01661814	-29.7530323666	35.3530323666
288.3999938965	-0.0320670716	-0.0189681891	-28.575825988	34.175825988
288.6900024414	-0.049418591	-0.0107571073	-25.9211431747	31.5211431747
288.9800109863	-0.0643257499	0.0206572805	-23.4060437827	29.0060437827
289.2699890137	-0.0240053684	0.0613893867	-23.6201876491	29.2201876491
289.5599975586	0.013195633	0.029505033	-29.8102016837	35.4102016837
289.8500061035	0.0037450125	0.0028158647	-46.5848213581	52.1848213581
290.1400146484	-0.0175978243	0.0107131246	-33.7216889759	39.3216889759
290.4299926758	0.0048694112	0.0062837708	-41.9930394296	47.5930394296
290.7200012207	-0.0073740846	-0.0056882682	-40.6181303569	46.2181303569
291.0100097656	0.0013764659	0.0166659355	-35.533881814	41.133881814
291.299987793	-0.0071130646	-0.0042333929	-41.6419973453	47.2419973453
291.5899963379	-0.013581113	-0.0052491473	-36.7366377729	42.3366377729
291.8800048828	-0.063015759	-0.0015619422	-24.0083492053	29.6083492053
292.1700134277	-0.0498186164	0.0084044999	-25.9302911876	31.5302911876
292.4599914551	-0.1105929688	0.0744985268	-17.5004784256	23.1004784256
292.75	0.1172434166	-0.0011888375	-18.6177841754	24.2177841754
293.0400085449	0.0365578867	-0.0156262629	-28.0116176345	33.6116176345
293.3299865723	0.0312905014	-0.0300718714	-27.2505445425	32.8505445425
293.6199951172	0.0195293482	-0.0230484921	-30.3970600489	35.9970600489
293.9100036621	-0.0449409038	0.0155246751	-26.4575699443	32.0575699443
294.200012207	0.0101208473	-0.0383836925	-28.0251560584	33.6251560584
294.4899902344	-0.0505563617	0.0432274938	-23.5412972246	29.1412972246
294.7799987793	-0.0037130842	0.0124115478	-37.7512131407	43.3512131407
295.0700073242	-0.0020043822	-0.0057216319	-44.346880642	49.946880642
295.3599853516	-0.011814883	-0.0179817304	-33.3448083887	38.9448083887
295.6499938965	-0.0383959599	-0.0154184224	-27.6650195123	33.2650195123
295.9400024414	-0.1437985748	-0.0201645065	-16.760338625	22.360338625
296.2300109863	-0.0198938549	-0.0160424728	-31.8500276499	37.4500276499
296.5199890137	-0.036074359	-0.0146022988	-28.1970591657	33.7970591657
296.8099975586	-0.0458641723	-0.0060091359	-26.6966091291	32.2966091291
297.1000061035	-0.0511329956	0.0009481555	-25.8244822437	31.4244822437
297.3900146484	-0.0522897653	0.0113595352	-25.4313942662	31.0313942662
297.6799926758	-0.0511672236	0.0214802604	-25.1152171537	30.7152171537
297.9700012207	-0.053615801	0.0206848644	-24.811548415	30.411548415
298.2600097656	-0.0517097041	0.0327281691	-24.2654509886	29.8654509886
298.549987793	-0.0562061444	0.0289247651	-23.9839922447	29.5839922447
298.8399963379	-0.0557603464	0.042226959	-23.104840528	28.704840528
299.1300048828	-0.0531753078	0.0504460111	-22.698305764	28.298305764
299.4200134277	-0.0489597544	0.0570486076	-22.4782849266	28.0782849266
299.7099914551	-0.0501976572	0.0604328662	-22.0957857847	27.6957857847
300	-0.0547502972	0.069122158	-21.0927347443	26.6927347443
