1800 31.45 10.96 2.97 1.89 1.01 14.76 27.65
2000 30.93 10.49 2.62 1.91 0.94 14.76 27.76
2200 30.38 10.33 2.37 1.91 0.87 14.73 27.61
2500 29.59 10.39 2.12 1.89 0.89 14.44 27.57
2800 28.89 10.60 1.95 1.87 0.86 14.15 27.14
3200 28.17 10.95 1.80 1.85 0.91 13.99 26.66
3600 27.65 11.29 1.72 1.80 0.86 13.37 25.39
4000 27.18 11.64 1.70 1.70 1.01 12.32 24.56
4400 26.87 11.82 1.70 1.60 1.02 11.90 23.78
5000 26.27 12.46 1.72 1.39 1.25 10.91 22.72
5500 25.53 13.53 1.70 1.19 1.38 10.42 21.93
6000 24.46 15.44 1.61 1.14 1.51 10.07 21.35
