0.5874168051725732, -20.430845568319512
4.052119172495804, -20.43132677698165
6.25692976988331, -20.43163300067573
11.296496849626177, 25.064353302773583
14.761199216949404, 25.070101956667024
17.123496285578877, 24.864188395518163
17.805937660960726, 22.4884393574701
17.753442170546737, 20.68386312824724
19.170820411724424, 19.490024604511134
22.63552277904765, 19.518200763604625
24.840333376435158, 18.85545248816836
26.415198088854805, 16.714237658694366
29.24995457121017, 16.453079695547444
31.76973811108161, 14.757317130131455
35.23444047840485, 13.772517637689404
38.699142845728076, 12.61951185624698
40.19526432252674, 11.754910632012212
43.10876404050309, 11.217180333855758
46.57346640782632, 10.26976001674712
50.03816877514954, 9.147903548082546
53.50287114247277, 8.237862406307329
56.967573509796, 7.633084529754981
60.432275877119224, 6.947318439980251
63.89697824444245, 6.853389292984588
66.88922119803979, 7.827947193632042
68.6215723817014, 9.278226254322668
69.56649120915318, 10.831407412785211
70.40641905577701, 12.407445982698839
70.98386945033087, 14.406113351166915
71.69255857091972, 16.89017261615559
71.92878827778266, 18.55195564317215
73.71363495185827, 20.664669464564625
73.84112400000652, 22.859195007982038
73.70051107925477, 26.261164483077657
72.71622063399249, 24.719410207580587
73.66113946144426, 32.28311084413494
73.66113946144426, 30.321482871950103
73.76613044227224, 29.0365591377833
73.55614848061629, 58.02413877300789
73.5036529902023, 56.24240537315545
73.5036529902023, 54.73477863470772
73.5036529902023, 53.22715189625998
73.66113946144426, 51.62813196720956
73.66113946144426, 50.12050522876183
73.66113946144426, 48.612878490314095
73.66113946144426, 47.10525175186636
73.66113946144426, 45.59762501341862
73.66113946144426, 44.089998274970895
73.66113946144426, 42.582371536523155
73.66113946144426, 41.07474479807542
73.66113946144426, 39.56711805962769
73.66113946144426, 38.05949132117995
73.66113946144426, 36.551864582732215
73.66113946144426, 35.04423784428448
73.34616651896033, 34.31331105067305
75.65596809717583, 18.711337784901296
76.18092300131572, 16.815310036753054
77.1258418287675, 15.079123765875089
78.22824712746126, 13.274387133764847
79.8031118398809, 11.640906102569737
82.16540890851037, 10.174829787819363
85.31513833334968, 8.862660153976627
88.7798407006729, 8.133285026312912
92.24454306799613, 7.790161377094478
95.70924543531936, 7.633933604543117
99.17394780264256, 7.689521158881121
102.6386501699658, 7.844786514108208
106.10335253728901, 8.09972967022442
109.56805490461225, 8.535338840452134
113.0327572719355, 9.170303612458056
116.49745963925871, 10.284967801242814
119.01724317913015, 11.788506652221109
120.27713494906585, 13.45128964541965
121.9307428971065, 15.409832596162623
122.90190946976527, 17.002985060503235
122.8494139793513, 19.332960947326427
123.06689529678066, 22.832778527270136
122.7969184889373, 21.217501661426432
123.02189916214012, 28.060529441220886
122.95440496017928, 26.168663054344016
122.48194554645336, 24.986612253787783
123.11189143142123, 31.496731131873524
123.11189143142123, 30.263218345870833
124.37178320135696, 14.981190512091658
124.37178320135696, 12.891071624698206
124.79174712466885, 10.983637043945436
126.31411634667454, 8.699142666733692
127.80148857507085, 8.341065093787606
130.5137555797936, 9.874965096083514
132.2461067634552, 11.430321171878063
133.50599853339094, 13.129652692069278
134.4509173608427, 14.774205168013502
134.9758722649826, 16.373130313539562
136.71872254672704, 18.268843088745307
136.90770631221736, 20.338377181960176
137.1806828623701, 22.4947023611181
137.1806828623701, 26.001076669477612
137.12818737195613, 24.299293172421635
137.19568157391694, 34.89183010342463
137.12818737195613, 32.831089942273586
137.12818737195613, 31.323463203825852
137.12818737195613, 29.90149707551719
137.28567384319808, 28.51377331814316
136.65572795823022, 27.45166924490264
137.1806828623701, 51.84773810210808
137.12818737195613, 50.06600470225564
137.12818737195613, 48.5583779638079
137.12818737195613, 47.05075122536017
137.12818737195613, 45.54312448691243
137.12818737195613, 44.03549774846471
137.28567384319808, 42.66490611311848
137.28567384319808, 41.15727937467075
137.28567384319808, 39.64965263622301
137.28567384319808, 38.14202589777528
137.28567384319808, 37.04557008799511
138.86053855561772, 18.40560259052215
139.0180250268597, 16.246933341896437
139.5954754214136, 14.545062352356439
140.12043032555346, 13.060205532875777
141.38032209548916, 11.127527183170173
143.9001056353606, 9.57095754685291
147.36480800268384, 9.396040186634842
150.82951037000706, 9.731971555973459
154.3729559729513, 9.677487268602547
157.97545900261122, 10.038189160379318
160.12121217328297, 11.309951199670884
161.24611553929702, 9.52315938019155
161.3181093547219, 7.348838351120378
161.60158500295748, 5.793202299376944
161.9060588473586, 15.775476446216643
162.58850022274046, 14.176383606762869
162.16853629942852, 12.920086319712432
161.3811039432187, 20.800971818112444
161.3811039432187, 19.29334507966471
161.3811039432187, 17.785718341216977
162.8614767728932, 11.823534268199843
165.0032927817839, 14.176048218907447
166.26318455171963, 16.140356559795535
167.41808534082736, 17.556451577874213
169.33417074093794, 19.96895930715261
169.5704004478009, 22.170404178045352
169.54790238048062, 29.796649051158646
169.30792299573093, 28.041047781445023
169.5704004478009, 26.62475590527729
169.33417074093794, 24.911576512177284
169.5704004478009, 23.609502428381823
169.47590856505573, 33.91620016418803
169.5704004478009, 32.00424222201126
169.097941034075, 31.284758716206035
170.98777868897858, 17.578798616501835
171.09276966980656, 15.568615049824182
171.46023810270447, 14.494951032132086
171.93269751643035, 12.216313183069651
172.87761634388215, 10.794215816034956
175.08242694126966, 9.64138501956058
178.54712930859287, 10.376027592455621
181.85434520467416, 11.56734096379487
184.37412874454557, 13.19111616209566
185.79150698572326, 14.904131506788119
186.73642581317506, 16.731426617695696
189.12122094912482, 18.359462804126146
188.07506081873177, 20.643075225851618
188.76125187200032, 22.94113171926987
188.7050067036996, 28.609424476301648
188.56326887958184, 26.29318126394994
188.62626346807863, 25.04595403107659
188.62626346807863, 36.52447578971275
188.62626346807863, 34.84552783098687
188.62626346807863, 33.337901092539134
188.62626346807863, 31.8302743540914
188.8362454297346, 30.779475038890723
190.41111014215423, 15.406032141387861
191.14604700795007, 13.738403522782491
193.35085760533758, 11.775690594084125
196.81555997266082, 11.563394058532651
200.28026233998403, 12.055071991760485
203.74496470730728, 12.833323602544503
207.2096670746305, 13.930336514088467
208.62704531580818, 15.768987420318247
209.47747226051482, 12.803870053184262
209.33573443639702, 11.046134018939341
210.9443462497971, 22.644357213462783
210.56937846112572, 20.59616892544131
210.4223910879666, 19.355062277894753
209.57196414325998, 17.984610630522972
211.38305856254257, 26.711951539801248
210.88435140360966, 25.02001980060401
211.30431532692157, 23.706498783482168
214.3753015161399, 30.079221651969803
214.27406021319865, 28.04785552996379
213.73410659751187, 38.1901467639881
213.66661239555106, 36.14409127886089
213.66661239555106, 34.63646454041316
213.66661239555106, 33.12883780196542
213.5091259243091, 32.078089524047094
214.45404475176088, 26.05658846327829
213.824098866793, 46.62892808676277
213.824098866793, 45.14414417768545
213.824098866793, 43.430931974903935
213.824098866793, 41.9233052364562
213.824098866793, 40.41567849800846
215.15398462394737, 23.953428092037136
215.08399063672874, 21.958497381740884
215.2414771079707, 20.485113014227778
215.08399063672874, 19.308729174772147
216.1863959354225, 18.086484691607616
216.44887338749245, 16.110543495864583
218.31246329718903, 14.231461948215625
218.8636659465359, 12.85510492272428
218.23372006156805, 11.250483651936293
218.17072547307123, 9.66405790140901
218.07623359032607, 7.841213241522084
221.50943866340089, 17.503253231171904
220.12355771647162, 15.653176535632717
221.69842242889126, 20.769751583396783
221.38344948640733, 19.056583126857284
221.56343402496958, 25.814772361310467
221.5409359576493, 23.876398250894944
221.5409359576493, 22.540092732725363
221.22596301516538, 39.843579727060686
221.38344948640733, 37.34226803787867
221.38344948640733, 35.5719487616711
221.38344948640733, 34.06432202322337
221.38344948640733, 32.55669528477563
221.5409359576493, 30.93483252635479
221.5409359576493, 29.427205787907056
221.5409359576493, 28.005239659598402
223.90323302627877, 16.863321537360846
225.1631247962145, 15.117954388492699
227.68290833608592, 13.839236622153813
231.14761070340916, 13.701698437269165
233.50990777203862, 15.120221537484952
234.45482659949045, 16.987491599790772
234.8222950323883, 18.712074179975147
236.86211980276045, 20.643641583449096
236.8171236681199, 22.829217114460654
236.344664254394, 29.81347781382965
236.8171236681199, 27.620500574906288
236.86961915853385, 25.952966739825285
237.23708759143182, 24.78793140465151
240.0062247107697, 21.2611850182152
240.47080980093347, 22.791018989592125
239.49439367923327, 28.465313418554743
239.49439367923327, 26.95768668010701
240.49180799709904, 25.472764241263327
241.33173584372292, 24.284820457356112
240.754285449169, 18.654143218991216
240.59679897792705, 16.918110059960284
240.28182603544315, 15.37626282369893
240.28182603544315, 13.882341782873446
240.5068067086459, 11.77359105853408
240.3605692710641, 9.34574493334749
240.0718440737872, 7.998058101214539
243.43155546028242, 27.182304884447433
243.43155546028242, 35.7059435009528
243.43155546028242, 33.707195931041035
243.43155546028242, 32.005405142944724
243.58904193152438, 30.452070872635147
243.58904193152438, 28.99584050027086
244.53396075897615, 24.764075120674477
244.53396075897615, 23.359241114393633
245.00642017270206, 21.783020268471624
245.47887958642798, 20.37812064282776
246.07732817714742, 18.253654393518858
247.36871724133152, 16.574527075200727
249.10106842499317, 14.8659691600961
251.93582490734855, 13.599133384407288
255.40052727467173, 12.714011692854335
258.865229641995, 12.11546367885758
262.3299320093182, 11.560524702749795
265.79463437664145, 10.743931499308104
268.80437582704343, 9.136208940325382
270.12551233579546, 7.354284758250827
270.20425557141647, 5.349815544435955
270.26725015991326, 3.777077993034112
270.5192285139004, 2.214593467103768
270.3617420426584, 1.0153667982777108
271.04418341804023, 13.042021678279596
271.04418341804023, 10.666367423755894
271.527141929849, 32.47663382906203
271.46414734135215, 30.402513671476278
271.62163381259415, 28.66643676620334
271.62163381259415, 27.158810027755607
271.62163381259415, 25.651183289307866
271.62163381259415, 24.143556550860133
271.6531311068425, 22.457751368698915
272.6190481304599, 21.105321714827866
272.409066168804, 19.355019078480765
272.5665526400459, 18.335635944704762
271.14917439886824, 17.01665940665204
271.14917439886824, 15.509032668204306
271.62163381259415, 42.372134388455464
271.62163381259415, 40.86450765000773
271.62163381259415, 39.35688091156
271.62163381259415, 37.849254173112264
271.62163381259415, 36.34162743466453
271.62163381259415, 34.8340006962168
275.8343969183167, 23.697536272150032
275.63753882926426, 21.64170897021347
275.63753882926426, 28.86289840493756
275.45380461281525, 26.815635341254826
275.7162820648852, 25.65061458816171
275.62179018214005, 41.98781927775886
275.55879559364325, 39.90456198842494
275.55879559364325, 38.3969352499772
275.55879559364325, 36.889308511529464
275.55879559364325, 35.38168177308173
275.55879559364325, 33.874055034634
275.55879559364325, 32.366428296186264
275.7162820648852, 30.89304392867315
275.7162820648852, 51.89702553477454
275.7162820648852, 50.38939879632681
275.7162820648852, 48.881772057879076
275.7162820648852, 47.37414531943134
275.7162820648852, 45.86651858098361
275.7162820648852, 44.35889184253587
277.2386512868909, 19.66558185294189
277.76360619103076, 17.7010256166824
278.86601148972454, 15.816339081775695
280.99207885149104, 13.982906737665893
282.9606597420156, 13.528632089916215
283.4331191557415, 15.644383540988379
283.8110866867222, 18.508821848548656
283.4331191557415, 17.426124231881154
284.2205515119513, 10.98433698381762
284.4830289640213, 9.385302472686526
284.7380070603178, 7.900483149984723
284.7455064160912, 6.347169711218967
285.00798386816115, 4.967426362043909
284.7717541612982, 3.668844322017023
284.0630650407094, 2.0756554024747373
284.0630650407094, 0.5680286640270111
284.0630650407094, -0.9395980744207293
284.0630650407094, -2.4472248128684697
284.0630650407094, -3.954851551316196
283.90557856946737, -11.355906394211331
284.2205515119513, -5.668085627218716
284.0630650407094, -6.833048051989138
284.0630650407094, -8.340674790436879
284.0630650407094, -9.848301528884619
287.52776740803256, 4.633571083299685
287.68525387927457, 6.323918583589759
288.0002268217585, 8.379729480685576
288.3676952546564, 11.646203043373319
288.1577132930004, 10.024391322234827
288.6826681971403, 15.620811607584422
288.4726862354844, 13.861942910223405
289.73257800542007, 19.686689414712525
288.7876591779683, 17.97360845065704
289.92156177091044, 26.05981256131455
290.205037419146, 24.295164620831784
291.03746590999634, 22.780079929303945
291.0974607561838, 21.308340732963636
289.8900644766621, 36.59036127570247
289.8900644766621, 34.72867068201323
289.8900644766621, 33.2210439435655
289.8900644766621, 31.730549327145575
289.8375689862481, 30.35427614861809
290.047550947904, 29.177841271880112
290.047550947904, 27.910064241821786
289.8900644766621, 46.344249416871904
289.8900644766621, 44.83662267842417
289.8900644766621, 43.32899593997644
289.8900644766621, 41.821369201528704
289.8900644766621, 40.31374246308097
289.8900644766621, 38.80611572463324
292.63032907627223, 20.261926249420597
293.4492587267305, 23.071480521753053
292.72482095901745, 18.04159011074315
292.72482095901745, 16.533963372295418
292.72482095901745, 15.026336633847684
292.72482095901745, 13.518709895399944
292.67232546860345, 11.668448007436247
294.14219920019514, 32.40953292664842
294.14219920019514, 30.599238699042616
293.8272262577112, 29.07452358480907
294.2996856714371, 27.532566982942697
293.9322172385391, 26.15062684331462
294.45717214267904, 24.48302738887059
292.8823074302594, 10.709020009717264
293.35476684398526, 60.46063675912947
293.35476684398526, 58.95301002068174
293.35476684398526, 57.445383282234005
293.35476684398526, 55.93775654378627
293.35476684398526, 54.43012980533854
293.35476684398526, 52.9225030668908
293.35476684398526, 51.41487632844307
293.35476684398526, 49.90724958999533
293.35476684398526, 48.3996228515476
293.51225331522727, 46.846288581238014
293.57524790372406, 44.95946212599291
293.9847127289531, 43.448352093024994
293.8272262577112, 42.0949363259486
294.14219920019514, 40.54158018251801
294.14219920019514, 39.148167590922384
293.9847127289531, 37.64056272559566
294.3521811618511, 36.155727779235995
294.3521811618511, 34.8080008463812
296.0320368550987, 22.495482502433973
296.34700979758264, 20.302527136631625
296.41000438607944, 18.71265746320197
296.8719647017225, 17.515629043037002
297.6069015675183, 15.77947193632037
298.55182039497015, 13.792014542367781
299.4967392224219, 11.94161412463771

