% Model:              dipoleDriveBox_2.3.22.mph
% Version:            COMSOL 5.6.0.401
% Date:               Feb 3 2022, 22:20
% Table:              Table 16 - abs Ex
% freq (MHz)                                      Point average: 20*log10(abs(emw.Ex))              Point average: 20*log10(abs(emw.Ey))              Point average: 20*log10(abs(emw.Ez))
30                                                -88.13091208512782                                -86.9174202118875                                 -86.99816612789226
30.5                                              -88.16586427042782                                -86.85612878217349                                -86.93757278881755
31                                                -88.19434739156566                                -86.7900232150318                                 -86.87726174366955
31.5                                              -88.15822713060535                                -86.7228173171378                                 -86.81637490786079
32                                                -88.02636486732203                                -86.6589414219866                                 -86.75412289720273
32.5                                              -87.81757241140235                                -86.5887606417862                                 -86.6909559722136
33                                                -87.60779769983692                                -86.52307543408158                                -86.63168353063718
33.5                                              -87.22123157912989                                -86.45285210012784                                -86.56353884796113
34                                                -86.87264389375693                                -86.38254112442321                                -86.4996838532768
34.5                                              -86.50512345825123                                -86.3096361576816                                 -86.44018939824518
35                                                -86.13811887911248                                -86.23787918569398                                -86.37210717494771
35.5                                              -85.76801824178642                                -86.15827727469144                                -86.30825324553464
36                                                -85.35803305155808                                -86.07612042570726                                -86.23572370619942
36.5                                              -84.96455179447231                                -86.00300922293938                                -86.16040862976864
37                                                -84.58560288575615                                -85.9240786885722                                 -86.09559038511551
37.5                                              -84.21277418508232                                -85.84358481413538                                -86.01990237448203
38                                                -83.84798240571858                                -85.76004487198233                                -85.94198959086295
38.5                                              -83.49487367079807                                -85.67413722699638                                -85.86828534998844
39                                                -83.18179578875724                                -85.58341364185836                                -85.78435905009746
39.5                                              -82.84220144763896                                -85.49617057085024                                -85.70462733296351
40                                                -82.5078555081218                                 -85.40702021419322                                -85.6257842971837
40.5                                              -82.18595713792385                                -85.31819326941714                                -85.53926617437786
41                                                -81.8740278339209                                 -85.22737524536689                                -85.45748278252253
41.5                                              -81.54658180850478                                -85.13187460128687                                -85.37328953946484
42                                                -81.2218627367591                                 -85.04007811362224                                -85.29197215624109
42.5                                              -80.90803772742575                                -84.94114576348703                                -85.20404252055017
43                                                -80.59445015176124                                -84.84274682591632                                -85.11652766649304
43.5                                              -80.26310290824114                                -84.74325681477772                                -85.02688334409244
44                                                -79.93309194786396                                -84.63131505238638                                -84.92487177348835
44.5                                              -79.62447203515558                                -84.52939581678704                                -84.8283516890258
45                                                -79.30803483389532                                -84.42511851744315                                -84.73748778216006
45.5                                              -78.97827140737091                                -84.31550217074395                                -84.64322720968711
46                                                -78.65472665932424                                -84.20539400298136                                -84.54608046801732
46.5                                              -78.32798591063971                                -84.10000260918267                                -84.45101403454859
47                                                -78.01198257256655                                -83.9918135994791                                 -84.35454126571074
47.5                                              -77.70837158754597                                -83.87861157273241                                -84.25025797091705
48                                                -77.37854519386178                                -83.76206137299245                                -84.14787627679289
48.5                                              -77.04962748211945                                -83.64054264758343                                -84.04613196098612
49                                                -76.72001627889107                                -83.51994311935384                                -83.94398662187669
49.5                                              -76.38968314877985                                -83.40320445410224                                -83.83784020018012
50                                                -76.04551105478015                                -83.27614012883664                                -83.72474668470237
50.5                                              -75.711954019572                                  -83.14906869752423                                -83.60667364259811
51                                                -75.37689002620431                                -83.01635927526577                                -83.49499150846945
51.5                                              -75.0468143358762                                 -82.88729156191319                                -83.38282070056597
52                                                -74.69536915568959                                -82.76659398571336                                -83.26661157868642
52.5                                              -74.3476274967913                                 -82.62818994653506                                -83.14882313977319
53                                                -73.9942999431751                                 -82.48642269605152                                -83.01360219093772
53.5                                              -73.64249007122827                                -82.34277954558564                                -82.88718260466752
54                                                -73.29349702699558                                -82.19625749533361                                -82.7611813694697
54.5                                              -72.93705240593168                                -82.0538677193841                                 -82.62680388944587
55                                                -72.58166333463981                                -81.90532679257147                                -82.49703351783639
55.5                                              -72.19329406787341                                -81.75951278229658                                -82.36447224256084
56                                                -71.80670520101164                                -81.6127328555806                                 -82.23476535403377
56.5                                              -71.41815956361282                                -81.45569941717659                                -82.10424379354313
57                                                -71.02445084984923                                -81.29368264065977                                -81.97141264770585
57.5                                              -70.62228073221605                                -81.13624831050598                                -81.82990831289516
58                                                -70.20769381399622                                -80.98048751882362                                -81.68185678044439
58.5                                              -69.78982617275723                                -80.8140337575927                                 -81.53743819152223
59                                                -69.3648628109034                                 -80.65056904767057                                -81.38957270758979
59.5                                              -68.93250152734159                                -80.47891867791992                                -81.24876434078595
60                                                -68.48348593515911                                -80.30274040964716                                -81.08962592123034
60.5                                              -68.03623435045155                                -80.12614678331808                                -80.93748991852888
61                                                -67.5772518637835                                 -79.94408845598444                                -80.78542850740503
61.5                                              -67.09079603794932                                -79.77135998406963                                -80.62992448739793
62                                                -66.59787962714661                                -79.59309279435996                                -80.46926179183832
62.5                                              -66.10158919396505                                -79.396823291864                                  -80.30679190715783
63                                                -65.57085689336904                                -79.20318108181127                                -80.13590071799071
63.5                                              -65.02622114034328                                -79.0088438170823                                 -79.96112390613129
64                                                -64.47069658263933                                -78.91164263672053                                -79.79058380491726
64.5                                              -63.88621131019723                                -78.60572474026637                                -79.620891405342
65                                                -63.2789206697414                                 -78.39477863970663                                -79.44428924889061
65.5                                              -62.65537119336331                                -78.18433551420492                                -79.275134806069
66                                                -61.98725474278871                                -77.97764570382945                                -79.09153001510373
66.5                                              -61.285498539056206                               -77.7568698143642                                 -78.90481144301438
67                                                -60.560457560213514                               -77.53134366271885                                -78.72522744859316
67.5                                              -59.78215771351912                                -77.30259302350099                                -78.52396328317278
68                                                -58.95102987879882                                -77.07297262043524                                -78.32479068710298
68.5                                              -58.05997403746593                                -76.84555237734347                                -78.1152566442212
69                                                -57.08840827719074                                -76.58562114145798                                -77.90244967360861
69.5                                              -56.021103613859424                               -76.34380771218903                                -77.68891185314105
70                                                -54.858490759606795                               -76.08520936377852                                -77.46439519497959
70.5                                              -53.544784315492606                               -75.82101137682791                                -77.22177748570611
71                                                -52.04539168642453                                -75.53698751684736                                -76.99169700272745
71.5                                              -50.288782552536794                               -75.26048127414964                                -76.75314471296386
72                                                -48.158590837143684                               -74.99290788512621                                -76.52043124198097
72.5                                              -45.37651189922962                                -74.6818271359036                                 -76.22267071187343
73                                                -41.41277141019432                                -74.32732256679262                                -75.92246364952832
73.5                                              -34.0262479006197                                 -73.72552219260412                                -75.43734803600562
74                                                -24.339480547732535                               -72.80955945838394                                -74.638931118403
74.5                                              -38.448870465696885                               -73.4891969676102                                 -75.17442863682759
75                                                -43.54706744719637                                -73.17851995331986                                -74.8906966414477
75.5                                              -46.66255029862127                                -72.82920301368686                                -74.58319891476926
76                                                -48.86464173156365                                -72.4438769048364                                 -74.287907547996
76.5                                              -50.534773558168794                               -72.08156177770455                                -73.96984371070205
77                                                -51.85505104090435                                -71.70878213619461                                -73.6497943430149
77.5                                              -52.98484255883773                                -71.3080104112328                                 -73.30524345267649
78                                                -53.947411583095146                               -70.90122817773461                                -72.94882300027756
78.5                                              -54.82916902757681                                -70.45366100513647                                -72.60350197972961
79                                                -55.59748712617299                                -70.00743389256901                                -72.18801888300885
79.5                                              -56.30106128536423                                -69.53486927701724                                -71.79790876695475
80                                                -56.99008718991937                                -69.03747751530399                                -71.37247401977314
80.5                                              -57.62835036968185                                -68.49531863925782                                -70.90021566859643
81                                                -58.080611059842                                  -67.94728341102613                                -70.41552862024815
81.5                                              -58.363230273345756                               -67.37526150404999                                -69.88119441758664
82                                                -58.59753972186118                                -66.75121464856811                                -69.33542775807312
82.5                                              -58.72770942482581                                -66.1089907715975                                 -68.75469414376758
83                                                -58.72779494920822                                -65.38719695883518                                -68.12464823681618
83.5                                              -58.667837285846666                               -64.61227035542146                                -67.40147740834719
84                                                -58.57667997377693                                -63.768370390113255                               -66.60653381040807
84.5                                              -58.42674247285682                                -62.84633789969975                                -65.7439634731671
85                                                -57.89041411126057                                -61.796772257715816                               -64.82382280177889
85.5                                              -56.51318368593346                                -60.61950021669788                                -63.69019466397935
86                                                -54.88989854249597                                -59.24146401712413                                -62.411843360271845
86.5                                              -53.06454799733586                                -57.599685187062796                               -60.82659540397316
87                                                -50.800959373286645                               -55.55011400394173                                -58.708276234031295
87.5                                              -47.818345974314354                               -52.79732481854079                                -55.93854931383313
88                                                -43.28398773671055                                -48.589317035563745                               -51.74422486653485
88.5                                              -33.59854117632475                                -39.28380316319098                                -42.45309145366006
89                                                -33.90930658283346                                -39.496949472448605                               -42.55357351748333
89.5                                              -43.238990395115174                               -48.51526119156097                                -51.4477488279477
90                                                -47.17619027296849                                -52.63162956861623                                -55.565969611609546
90.5                                              -49.598963190002806                               -55.3029216225048                                 -58.3019373529471
91                                                -51.36869036922297                                -57.23824025380311                                -60.31268928882729
91.5                                              -52.75582673326294                                -58.7398203396375                                 -61.71155804715925
92                                                -53.79427633914251                                -59.990319479681                                  -62.81337366958396
92.5                                              -54.60384197647932                                -61.00647709958924                                -63.71005930370022
93                                                -55.194326383888146                               -61.91474519562075                                -64.52919319350463
93.5                                              -55.59815642537743                                -62.67186982454082                                -65.21052151992926
94                                                -55.890362323462945                               -63.357149509141706                               -65.76294864614404
94.5                                              -55.463117978975234                               -63.96437806903603                                -66.25927951777558
95                                                -54.8256216396306                                 -64.50156331617887                                -66.67774953481181
95.5                                              -54.1316855828577                                 -64.95100445480703                                -67.02187537302483
96                                                -53.41908488948101                                -65.4533092841324                                 -67.33107943505101
96.5                                              -52.650435077455896                               -65.8656035942643                                 -67.61446093263311
97                                                -51.79512983857291                                -66.2416053161566                                 -67.83479129631242
97.5                                              -50.8882694522115                                 -66.58499914722303                                -68.0287065575713
98                                                -49.833552339915435                               -66.89682605770255                                -68.22083370196135
98.5                                              -48.72904055325504                                -67.15803573999465                                -68.34418030842804
99                                                -47.47904585207851                                -67.33239606822276                                -68.36924685346224
99.5                                              -45.952383107611794                               -67.44492725706328                                -68.35297734578636
100                                               -44.20621517544088                                -67.56460847065782                                -68.27536183173346
100.5                                             -42.14290310226508                                -67.57397048248247                                -68.16894659192252
101                                               -39.51877670206403                                -67.53904392439485                                -67.96169665454487
101.5                                             -35.76276277527597                                -67.40285546701962                                -67.62507717149143
102                                               -29.315854233385217                               -66.84449716067854                                -66.85460827352334
102.5                                             -12.473334276746842                               -65.32498884042568                                -64.75743458560896
103                                               -31.23417967084866                                -67.10181040795797                                -66.84521513109493
103.5                                             -36.640913517654866                               -67.00084255667656                                -66.63023373079079
104                                               -39.9990173917815                                 -66.73143450995906                                -66.27430675647628
104.5                                             -42.35882761163246                                -66.41453009702985                                -65.85037354706937
105                                               -44.20831279567048                                -66.08023707995444                                -65.37142657729399
105.5                                             -45.71921481642876                                -65.6901007978662                                 -64.86493205201877
106                                               -47.00905804554867                                -65.27137206019277                                -64.36229037345217
106.5                                             -48.19245136558793                                -64.75860041295846                                -63.82190978310669
107                                               -49.2497251003674                                 -64.28095475154855                                -63.212747284117455
107.5                                             -50.21829246791796                                -63.739981531539314                               -62.50794057969619
108                                               -50.65192756003777                                -63.10764504177576                                -61.69036841352628
108.5                                             -50.481025123433625                               -62.42505153805739                                -60.85548880200436
109                                               -50.190571189615426                               -61.6798545270756                                 -59.9847486598781
109.5                                             -49.78753040109134                                -60.769682551059205                               -59.04304588278095
110                                               -49.062645684259074                               -59.79209405509801                                -57.94535242794669
110.5                                             -48.02190121149413                                -58.64778815026331                                -56.672971097571946
111                                               -46.663125531520826                               -57.27919626625639                                -55.13222418295731
111.5                                             -44.97629997730291                                -55.62728108756259                                -53.337732400333834
112                                               -42.75463393154396                                -53.47487487060591                                -51.091049343020124
112.5                                             -39.759362933811545                               -50.440449392301446                               -47.903909322654094
113                                               -34.71366064358732                                -45.64424310360809                                -42.73767742726532
113.5                                             -21.733702256159674                               -32.573391646136315                               -29.105781971790716
114                                               -30.24074073405919                                -41.15306693509859                                -38.00601805083066
114.5                                             -37.308730300280025                               -47.98835298962286                                -45.399095924697235
115                                               -41.16299644777278                                -51.55800639453216                                -49.360269359382826
115.5                                             -43.57833058400994                                -54.02737671484414                                -51.79707558031028
116                                               -45.250554033599855                               -55.73388344531211                                -53.73347100532961
116.5                                             -46.64209667938053                                -57.12831658143611                                -55.252486890706265
117                                               -47.68311707287394                                -58.13451893638922                                -56.43679710027286
117.5                                             -48.46318905116764                                -58.93631942697118                                -57.3768180419138
118                                               -49.14278048533976                                -59.59999224071701                                -58.26367018046127
118.5                                             -49.601726935175314                               -60.110640026902914                               -59.193601304944266
119                                               -50.0204865258596                                 -60.488415516225814                               -59.79132586712005
119.5                                             -50.30357954483027                                -60.76927599897735                                -60.27690193201039
120                                               -50.496868378840794                               -60.87832573292547                                -60.72728904825304
120.5                                             -50.63004051461303                                -60.579111199213216                               -61.189614090896924
121                                               -50.740785780134196                               -59.21325496423793                                -60.24103626438087
121.5                                             -50.74198402167316                                -57.05988874666167                                -59.010531883668435
122                                               -50.411465302541814                               -54.04248910004272                                -56.677599839287055
122.5                                             -48.29341882156667                                -48.847087338750406                               -52.12288172073919
123                                               -18.381012658788183                               -18.898019857692308                               -22.273538453691938
123.5                                             -47.393263257971334                               -48.53706468717342                                -51.38040816636607
124                                               -48.17052442164174                                -54.011482304667126                               -56.117868573074695
124.5                                             -47.943403169741856                               -56.94298576979813                                -58.556651076188516
125                                               -47.303261998606175                               -58.831687313522515                               -60.16187187837545
125.5                                             -46.39910032977311                                -60.0785365881895                                 -61.32182535314126
126                                               -45.37944717221234                                -60.85488028653967                                -62.04965947817587
126.5                                             -44.00362147608172                                -61.360059633438745                               -62.497418999409156
127                                               -42.33189443534669                                -61.67292039177454                                -62.83122300396304
127.5                                             -40.326645498474136                               -61.82795790223306                                -63.08982360650612
128                                               -37.81213742866634                                -61.697632542791986                               -63.213002296222875
128.5                                             -34.42479569931336                                -61.70591236306762                                -63.21806817311771
129                                               -28.979243119781284                               -61.31091123020306                                -63.046389891893575
129.5                                             -12.052796269947821                               -57.56268210878348                                -59.84193117333679
130                                               -26.28780996698385                                -61.32220468352005                                -63.49994991882954
130.5                                             -33.13181434470303                                -61.25980315923303                                -63.471054143464784
131                                               -37.11972049058509                                -60.97006435577328                                -63.40397907446963
131.5                                             -39.778551194466715                               -60.615367828983864                               -63.31621173756222
132                                               -41.42414116715396                                -60.15943957427611                                -63.14068428636766
132.5                                             -42.5835990690626                                 -59.61594263891775                                -62.90559421227869
133                                               -42.80938299159732                                -59.01464838657836                                -62.66255188452723
133.5                                             -42.76079564280736                                -58.32551771449225                                -62.251529748342655
134                                               -42.37108449392796                                -57.528139331585486                               -61.73180384431529
134.5                                             -41.72606382763793                                -56.61028664389679                                -61.07898246349586
135                                               -40.840865777083025                               -55.566589710298615                               -60.36110383048364
135.5                                             -39.38696036088417                                -54.347977701338216                               -59.440292769955065
136                                               -37.29822659517586                                -52.87875545444228                                -58.36613855754294
136.5                                             -34.09737429824515                                -51.03193961389503                                -56.98524961255753
137                                               -28.07023135027352                                -48.54646838824573                                -55.010841278332336
137.5                                             -9.83454477932168                                 -46.8884342354118                                 -53.333530027199515
138                                               -27.381147671753634                               -40.39629195862996                                -48.58603515419523
138.5                                             -14.810175813007554                               -23.90455510447612                                -33.41609166276475
139                                               -27.279458423154146                               -36.94391110766726                                -45.4613467809465
139.5                                             -33.41618787477581                                -43.78381166273829                                -50.659357468693784
140                                               -36.49694198234099                                -47.21346321839983                                -52.25706872372219
140.5                                             -38.31472543274439                                -48.64638022422813                                -51.72284219182947
141                                               -38.97967913241012                                -48.05383221282448                                -49.3212476096828
141.5                                             -37.99704926508551                                -44.70659206170639                                -44.185704717882125
142                                               -15.157347961182984                               -20.679944790883244                               -17.891021072409778
142.5                                             -38.59935999348113                                -44.330458906561596                               -43.18380218925335
143                                               -39.396012935824636                               -49.078904688607686                               -48.3431864407554
143.5                                             -38.94577164726225                                -51.23691977161511                                -50.422891017337726
144                                               -37.84144231193058                                -52.1920207095309                                 -50.94526050742521
144.5                                             -36.39131957536681                                -52.07079957395822                                -49.83408133744845
145                                               -34.05996846732479                                -50.14226543622717                                -46.93959244203484
145.5                                             -29.122034460874822                               -45.26572111421844                                -40.72452476590979
146                                               -5.464358010840415                                -21.5741821838926                                 -15.440785081255921
146.5                                             -27.979362723566243                               -46.037185477316115                               -41.09250084123234
147                                               -25.568622986964524                               -50.4215482169214                                 -46.553700552272694
147.5                                             -15.78804630319522                                -51.25351542959645                                -48.315314428422234
148                                               -18.080393674096914                               -55.37670670665708                                -53.2579072631601
148.5                                             -26.550147205082837                               -55.956682399939574                               -54.179460874427875
149                                               -30.616783900318065                               -56.26143580213863                                -55.08112683530745
149.5                                             -33.36184996074449                                -56.30333891207127                                -55.713427594254476
150                                               -35.54045985176179                                -56.14360836555674                                -55.98366945168535
150.5                                             -37.33213807229883                                -55.702096496851446                               -56.03411074401794
151                                               -38.339194075182085                               -55.0207465771805                                 -55.79899596408791
151.5                                             -38.807684061990436                               -54.193321758094385                               -55.32454780519485
152                                               -39.0406618631438                                 -53.195666370305766                               -54.694721780149706
152.5                                             -38.82667243984954                                -52.00967304801232                                -53.81981816163108
153                                               -38.02222973833947                                -50.62394301397433                                -52.7399070074871
153.5                                             -36.733146239382386                               -48.94747426126592                                -51.293144789406874
154                                               -34.851121964595905                               -46.80201993261633                                -49.37306109830367
154.5                                             -32.08059083312413                                -43.874521119735455                               -46.57045044449167
155                                               -27.572066501912524                               -38.98992508514805                                -42.07767617612117
155.5                                             -16.59692003396939                                -27.388400424571458                               -30.79575781556049
156                                               -21.761595364234456                               -32.51516416112825                                -35.87528091081971
156.5                                             -29.062400888934228                               -40.25835903595369                                -43.58137723227603
157                                               -32.84057288613463                                -44.3070110784722                                 -47.45979620449006
157.5                                             -35.21106484017435                                -46.72625823510628                                -50.04017309545582
158                                               -37.03782495147385                                -48.66649108767531                                -51.887542117201875
158.5                                             -38.41560325265684                                -50.01851325466759                                -53.25693119383685
159                                               -39.423022475588965                               -51.08096931136589                                -54.220332316016865
159.5                                             -40.23911461760836                                -51.709209885119                                  -54.90115741680881
160                                               -40.96080916226494                                -51.83956239077747                                -55.21424731445941
160.5                                             -41.4887210474039                                 -51.60768373898165                                -55.029978990709466
161                                               -41.85787936881661                                -50.64270643355297                                -54.63514108734317
161.5                                             -41.829512682705484                               -48.61405755701847                                -53.69481524505279
162                                               -40.103422604292604                               -44.362220039516515                               -51.24312795684585
162.5                                             -30.35641633173378                                -33.40595473435702                                -42.343494382108105
163                                               -34.618446030958665                               -37.54900706862559                                -45.87686492959126
163.5                                             -40.29433233256251                                -45.640914204074946                               -52.12152725091778
164                                               -42.39319895232927                                -48.53797612556565                                -53.96919161173494
164.5                                             -42.9855268816247                                 -46.31975567401877                                -50.88975022509661
165                                               -5.596904358495706                                -1.7441195653378636                               -4.102675730539449
165.5                                             -43.40657718345316                                -46.96390429542047                                -49.97239126910771
166                                               -44.094186648071954                               -51.04209509949432                                -53.37970269987347
166.5                                             -44.04711119686094                                -52.631328662482254                               -54.44050142198057
167                                               -43.8186937964229                                 -52.99149770885843                                -54.119490696513274
167.5                                             -43.147223348354935                               -52.66319479841813                                -52.49844216092764
168                                               -41.79215875277077                                -51.43896806163472                                -49.69929774092309
168.5                                             -38.54360557237179                                -47.84323457085381                                -44.25040910155537
169                                               -12.888007583630968                               -23.214104651484067                               -18.05115658013235
169.5                                             -37.96663838687463                                -47.07686724159563                                -43.37276946391259
170                                               -39.79573433501385                                -51.30827545649143                                -49.09098105067973
170.5                                             -39.523900486594805                               -53.24244562321312                                -51.90570139238786
171                                               -38.38646803395795                                -54.16926686041361                                -53.635809008169886
171.5                                             -36.606658530351716                               -54.52039860136405                                -54.67303785890901
172                                               -34.474773531816844                               -54.49235020622098                                -55.12627628173519
172.5                                             -31.736305876056072                               -54.10802461389736                                -55.19457056850083
173                                               -27.68270867660957                                -53.49282240771461                                -54.84280502933122
173.5                                             -20.094318665456704                               -52.12366098960286                                -53.57787353970364
174                                               -13.7320050104795                                 -53.159053679280866                               -54.46858436200722
174.5                                             -25.170590960503137                               -52.0804022976443                                 -53.81244368891766
175                                               -24.61301947990075                                -50.67401655477163                                -52.47747489016208
175.5                                             -32.509136507241024                               -49.33082913957392                                -51.315993163881195
176                                               -35.385133575474185                               -47.25562926123445                                -49.407411545055254
176.5                                             -35.72590985001522                                -44.199465602556344                               -46.6129313477346
177                                               -32.04915363047357                                -38.49796414670002                                -41.464565989935856
177.5                                             7.36553741945842                                  2.1978466909333694                                -1.4403251225226705
178                                               -31.670423511696125                               -38.142751470345615                               -40.926548047673776
178.5                                             -34.11496529134888                                -42.75389466970905                                -44.354359757464884
179                                               -33.24919468915795                                -42.31289955617592                                -42.38021961767456
179.5                                             -27.972877402586324                               -31.896990730843395                               -30.477441947579788
180                                               -26.46636598648594                                -36.9443170636222                                 -36.71006594639871
180.5                                             -15.036071836893411                               -28.47862611169461                                -28.360219889843588
181                                               -21.86913570442052                                -35.5527393858713                                 -35.38336694876615
181.5                                             -28.392059450851427                               -42.451150501053554                               -42.39841711369693
182                                               -30.14166008575861                                -44.91353062104234                                -42.35259379238547
182.5                                             -34.686978725635726                               -48.12678518921037                                -47.542151190535144
183                                               -36.41998534401657                                -49.80603889840067                                -49.43884279731798
183.5                                             -37.66767850252212                                -51.06797752248362                                -50.84370335994494
184                                               -38.50589880459297                                -52.03497799072976                                -51.951348243891
184.5                                             -39.04192874867662                                -52.811971070812646                               -52.817836224652964
185                                               -39.33410376753077                                -53.41542627919206                                -53.53498744673279
185.5                                             -39.24077018615331                                -53.91562522244039                                -54.17993203183223
186                                               -38.7189110587943                                 -54.32171564881493                                -54.72717515943452
186.5                                             -37.81984649816415                                -54.61054777393295                                -55.17082569442611
187                                               -36.49840775446038                                -54.80329908409558                                -55.5772352166284
187.5                                             -34.334900382880285                               -54.88392531175795                                -55.834530743901716
188                                               -30.557103110984986                               -54.831019126493814                               -56.03270615474415
188.5                                             -23.523863132501315                               -54.263802085905674                               -55.889043546665846
189                                               -11.318415392985957                               -53.641995094345916                               -56.2646465599535
189.5                                             -27.10368113212666                                -54.63132452689336                                -56.905271273618794
190                                               -31.97058964707816                                -54.359425342207146                               -56.95318961944181
190.5                                             -34.59707153600779                                -53.86760264345793                                -56.87355896882792
191                                               -36.39899450142296                                -53.270464270596264                               -56.757592310354795
191.5                                             -37.75685822327335                                -52.575129923002166                               -56.579972773837234
192                                               -38.08375770514156                                -51.67806792490303                                -56.32439335756127
192.5                                             -37.894863852037986                               -50.60831110815978                                -55.955636675445675
193                                               -37.20871472163301                                -49.25665026475668                                -55.377612006828016
193.5                                             -35.78026606609296                                -47.51473211317598                                -54.532877799592455
194                                               -33.47793745115875                                -45.06195127915386                                -53.187707962410066
194.5                                             -29.362656558189386                               -41.11365379011562                                -50.78976919248915
195                                               -18.82712584847912                                -30.718160631798508                               -42.57742083650111
195.5                                             -22.825263744695388                               -34.62997604069135                                -45.84741445979305
196                                               -30.251214507983853                               -36.22598529064016                                -45.87186077884735
196.5                                             -28.08009820381144                                -28.738333155268307                               -37.83857262356149
197                                               -34.63614383845141                                -41.347720340840695                               -48.26169628864113
197.5                                             -35.82263707346903                                -45.26516341315238                                -49.84746742364023
198                                               -35.79072295286171                                -46.41871028751164                                -49.04680861838806
198.5                                             -34.742432888694175                               -45.81160967352973                                -47.207220968717984
199                                               -32.31842204529515                                -42.93760535276651                                -43.820083797401516
199.5                                             -25.611759397496137                               -35.04155497339195                                -35.33014791588735
200                                               -24.609259266244145                               -34.387927978938755                               -34.36460671985929
200.5                                             -28.270004175622876                               -42.49267758914528                                -42.22074692344882
201                                               -24.529147906268186                               -43.71580968986136                                -41.54673000817818
201.5                                             -15.29030133825017                                -35.42636874835064                                -30.974348184649426
202                                               -14.393481103156219                               -44.011562675952575                               -41.03863397290216
202.5                                             -24.129478743391516                               -47.13220224194354                                -46.48988708986106
203                                               -28.533035110082846                               -48.14747501177894                                -48.74114081921939
203.5                                             -31.253668360660235                               -48.428332644709016                               -49.87948245001557
204                                               -32.37566565799235                                -48.30990000488741                                -50.49518039474031
204.5                                             -31.082300791222274                               -47.71640393674799                                -50.55916163111624
205                                               -19.95164659816252                                -46.796765534102526                               -50.00926194247093
205.5                                             -31.829629691339193                               -45.577502744314145                               -49.61117132790753
206                                               -31.582052650277248                               -43.84466820139297                                -48.450401945709345
206.5                                             -29.300181364930978                               -41.42664675110055                                -46.59283337662584
207                                               -25.052257690725288                               -37.40941212334474                                -43.15705623311441
207.5                                             -13.601822059185771                               -26.24063264713737                                -32.7138170034849
208                                               -19.50834382622993                                -31.99850250298329                                -38.425521159848444
208.5                                             -25.590509117349                                  -31.690510646600746                               -36.00095971343302
209                                               -25.93821106714712                                -28.595376139218946                               -32.322298368129246
209.5                                             -31.247395741971786                               -35.73177998757968                                -39.2854097526727
210                                               -29.86676664252741                                -27.142366974756623                               -30.65507015064862
210.5                                             -28.42020198484008                                -34.13662054051468                                -37.42245038674796
211                                               -29.22236850096537                                -39.67236806727224                                -41.32706270985921
211.5                                             -33.900551874332905                               -43.259814547137665                               -46.08576404580025
212                                               -34.411698530753                                  -43.89240730408233                                -47.72359794468612
212.5                                             -30.983718065270246                               -40.21145714709292                                -47.31272393139532
213                                               -2.720847631768181                                -9.895332892265314                                -21.119463249026108
213.5                                             -24.978199853153313                               -40.50241362341497                                -48.044423708405866
214                                               -9.498887366686084                                -45.58270346153647                                -49.53922130233272
214.5                                             -27.72039027831136                                -47.12704998246657                                -50.94813288255189
215                                               -32.0393878088798                                 -48.01017153687403                                -51.05457229513838
215.5                                             -34.14312237282399                                -48.48719924757834                                -50.929226827972585
216                                               -35.075169741613735                               -48.6557168507603                                 -50.58388410014189
216.5                                             -35.38526123147548                                -48.65728809069899                                -50.12345635883919
217                                               -35.27941231548297                                -48.436627297581204                               -49.38160496986593
217.5                                             -34.71667245229089                                -48.09838394322174                                -48.450257936012136
218                                               -33.630645192251556                               -47.55155926370755                                -47.10869445554299
218.5                                             -31.61209322370412                                -46.65613748008995                                -44.990241265333424
219                                               -27.12149756077826                                -44.74595016046328                                -40.598311404095845
219.5                                             11.444319086166741                                -11.335495512913319                               -4.915931475209339
220                                               -25.911667131210578                               -43.3727234990324                                 -39.29536714439524
220.5                                             -27.09634242116857                                -41.92119348054081                                -39.34520684642719
221                                               -23.021876795932176                               -38.41680079599092                                -35.995838521559115
221.5                                             -9.027534015505925                                -28.99263499698573                                -26.34497447460189
222                                               -18.815804468135546                               -28.956689965587994                               -26.6702101744101
222.5                                             -26.08689514490972                                -37.79102434320984                                -36.255786671630055
223                                               -29.808143314277004                               -40.69968248405862                                -40.11460460637965
223.5                                             -31.45492689128738                                -40.95657978916041                                -42.00017047102313
224                                               -28.83881966312632                                -37.3179918265631                                 -41.28346971762227
224.5                                             11.573759854639441                                3.406318761572259                                 -2.8723552423093177
225                                               -28.351540005674238                               -36.902142263193056                               -41.652666687005684
225.5                                             -29.809299194784277                               -40.38108806701175                                -43.54910480210228
226                                               -28.06162390300974                                -40.239903105293195                               -42.79884217881538
226.5                                             -23.058156698550906                               -36.56969932226436                                -39.24702994412211
227                                               15.847509900506322                                1.568893528278039                                 -2.0924304859540355
227.5                                             -22.111670174863892                               -35.086106534774885                               -36.92865431495275
228                                               -12.43934155106136                                -16.848160880399153                               -17.279670383902427
228.5                                             -29.937268295667224                               -37.312741507621745                               -37.921254697274094
229                                               -28.176266944183812                               -37.62133271469465                                -33.463586586720275
229.5                                             -34.72725528758328                                -43.5889892732665                                 -45.11652695362976
230                                               -36.004402840902095                               -44.68296364817302                                -46.55412068304199
230.5                                             -36.84882259058646                                -45.13151257460196                                -47.280712464573526
231                                               -37.495047913702315                               -45.188653014788834                               -47.725748775995974
231.5                                             -37.90662739141657                                -44.957679221912386                               -47.84796044941863
232                                               -38.08992112842584                                -44.52305565795187                                -47.69213956927227
232.5                                             -38.10024371538782                                -43.747873295513315                               -47.38239279014812
233                                               -37.88814179110501                                -42.74362646317378                                -46.873714584760044
233.5                                             -37.31587452156121                                -41.204973554071415                               -45.99211538492723
234                                               -36.30004369947536                                -39.02540298372594                                -44.593615879983496
234.5                                             -34.33024448877993                                -35.89311585303256                                -41.99184391228714
235                                               -30.120654434715853                               -30.547224100665872                               -37.076198197862894
235.5                                             -8.235883586584995                                -12.32396587992882                                -17.357756622561514
236                                               -28.017605655320395                               -28.89108580929918                                -35.94180059539277
236.5                                             -32.69950322861193                                -35.210556005221875                               -41.185960832208124
237                                               -32.87766013410215                                -38.186847587067454                               -42.89188226595459
237.5                                             -30.706605264585356                               -39.722603718151916                               -42.9244281418088
238                                               -27.00479081997629                                -40.23505058775488                                -42.034684122805174
238.5                                             -20.275170845429447                               -39.28509010036431                                -39.83658746861812
239                                               -2.1306788211056045                               -41.17572262149782                                -40.41455476941092
239.5                                             -20.847261190304987                               -29.585816524714282                               -31.191807815631503
240                                               -6.114735847391537                                -11.040998374862689                               -5.091727829864639
240.5                                             -28.14061523277442                                -34.39395086482758                                -32.24904361598327
241                                               -30.434288876969955                               -38.048778907203                                  -37.400053811931556
241.5                                             -30.312490588871686                               -38.689238430817205                               -39.16742278469552
242                                               -27.37058585145062                                -36.46824839214139                                -38.4232116450732
242.5                                             2.774491948474419                                 -7.217013497193476                                -9.226571130731868
243                                               -24.805816388405507                               -35.554456536374474                               -37.31652542475462
243.5                                             -20.978311674669126                               -35.44843216542175                                -34.90110758921302
244                                               -4.483103816335256                                -22.408796589477326                               -21.77627034016388
244.5                                             -23.021001650798134                               -35.00281460445131                                -35.47221925726029
245                                               -26.876396139135714                               -32.16566636759221                                -34.62493069352678
245.5                                             -25.517583981281625                               -26.73365404801866                                -29.589175674430294
246                                               11.091827854144585                                11.127039456125987                                7.966389973109567
246.5                                             -24.3429609969261                                 -26.647213070178655                               -29.94377284750114
247                                               -26.172486822844473                               -32.08284932726533                                -35.488579556180824
247.5                                             -31.015847053149372                               -35.07430733865352                                -38.40585630035296
248                                               -32.08004787991441                                -36.897125308503                                  -40.3469596186872
248.5                                             -31.72115798670171                                -37.83184956715485                                -41.47363002328742
249                                               -27.262330091699045                               -37.51437531111831                                -41.89429541296371
249.5                                             -24.391892542781747                               -34.29203821633577                                -39.87843831982223
250                                               4.387480637955396                                 0.7330240019805021                                -4.582100757146844
250.5                                             -28.792850950823762                               -34.64100843265612                                -40.06543823227928
251                                               -29.698674663474435                               -38.980232190748005                               -42.871988308071515
251.5                                             -21.057644612412947                               -36.1061660542895                                 -37.88053911375924
252                                               -26.861735698761798                               -40.883916119991895                               -42.87668453141874
252.5                                             -11.626065049511736                               -20.024423509949383                               -17.504100033222464
253                                               -18.49003829399157                                -41.54807121188532                                -43.269876530643835
253.5                                             -3.0375319802992817                               -45.8826601774295                                 -44.91364841554695
254                                               -16.570326586126793                               -34.87455774286713                                -43.07903119999942
254.5                                             -24.54746046026897                                -41.4996337617555                                 -44.15929893861854
255                                               -28.257996580239418                               -41.58168708122375                                -43.34443148196135
255.5                                             -29.677291657002133                               -39.98485506608638                                -41.974088760493586
256                                               -29.88666634634619                                -36.82547781508622                                -39.50513484782765
256.5                                             -28.20199677367816                                -28.804383176747816                               -32.57148674001666
257                                               -26.19816199659055                                -27.736520720302373                               -30.879387518863137
257.5                                             -21.994144114770386                               -35.14813805756157                                -34.95626181336039
258                                               -9.695004784897012                                -31.38336667280205                                -24.374271454949888
258.5                                             -12.524928801534612                               -28.413568327405194                               -23.9273133466116
259                                               -19.360667719025454                               -39.34746298603878                                -36.133525838533664
259.5                                             -22.212875652039067                               -39.51203708910014                                -36.77340236159087
260                                               -23.352799304955727                               -35.05273879304068                                -28.937455824111233
260.5                                             -29.21241351559486                                -38.1339953978863                                 -36.73069804276853
261                                               -29.86572245750867                                -36.363014445823886                               -35.96510623002935
261.5                                             -28.98470124081033                                -33.53929405983263                                -33.456783502958096
262                                               -25.33132815114205                                -28.444238286336407                               -28.475799895318417
262.5                                             -0.9620133388415739                               -3.0744112525848317                               -3.6413388393755195
263                                               -24.19228931107834                                -27.360281866596903                               -27.207209232002956
263.5                                             -23.558620814937843                               -31.09895845002438                                -30.242823120665467
264                                               -20.499785053874035                               -31.852467802189157                               -34.70899368001026
264.5                                             -28.950091252600895                               -35.80990541062278                                -36.08447357757966
265                                               -30.542198248879295                               -35.48430660941359                                -35.41325545173778
265.5                                             -27.697010622084694                               -32.558859995477135                               -31.87942593285859
266                                               -24.2116013775629                                 -25.937767380897302                               -25.39155924514357
266.5                                             -20.30463384792384                                -18.47326309967451                                -16.181544466331367
267                                               -30.10256155951262                                -31.085445948127997                               -30.315298248904103
267.5                                             -31.859967309730024                               -35.011174053074896                               -35.048818550441496
268                                               0.4188848936811371                                -7.686171323614344                                -17.70540547341373
268.5                                             -32.632700949981604                               -38.42732039415549                                -39.3947297347825
269                                               -32.94379794396531                                -39.284800722033076                               -40.57246501234675
269.5                                             -32.53954671779345                                -39.40045768292795                                -41.24544628072006
270                                               -31.72999906880496                                -38.99972555055248                                -41.34608195922141
270.5                                             -30.43295899053497                                -38.07588622237015                                -40.92994071244879
271                                               -28.252006225052842                               -36.38218549638646                                -39.23530820123826
271.5                                             -23.680848145560404                               -33.30027371007791                                -33.867775161406115
272                                               -14.866709611713388                               -28.437650097607104                               -24.307707896713364
272.5                                             -18.58765659920466                                -21.101638263761835                               -30.66595550507941
273                                               -19.496253670004684                               -21.9849369074098                                 -32.32083391710685
273.5                                             -21.85892620320757                                -30.22229005847638                                -38.23084736342149
274                                               -18.303343862591916                               -32.97044417277268                                -39.31801442209087
274.5                                             -10.166678601290144                               -32.36665614815836                                -37.75359693741563
275                                               -5.681668399648603                                -42.2767069128173                                 -44.337372290876864
275.5                                             -11.354977843116252                               -35.83459822351614                                -40.48947664681564
276                                               -16.265551149464834                               -35.76932503444304                                -40.9230262332666
276.5                                             -22.35690885111276                                -33.27967935536983                                -39.13090974534419
277                                               -23.27507350934156                                -29.46321284898536                                -36.52682509293808
277.5                                             -21.568744534167294                               -23.72364724300516                                -31.88761533393497
278                                               -11.13161377254551                                -4.0754190909124235                               -14.378852525250045
278.5                                             -17.322127784230425                               -24.169646212342574                               -29.71388636221558
279                                               -5.712914400737026                                -21.870164087664516                               -20.77901681295224
279.5                                             -12.511910450911143                               -30.732189378107226                               -27.754222458545726
280                                               2.0882249102311166                                -15.754059947065606                               -15.489722812865741
280.5                                             -19.265704960032195                               -30.116761274305066                               -30.587391929210334
281                                               -18.233920058221706                               -25.37118957949281                                -24.394062294235948
281.5                                             -16.142387840035525                               -18.066094427605556                               -18.48383822034101
282                                               -15.309032109654257                               -16.867376873404037                               -20.26358180476271
282.5                                             -23.757521092997994                               -26.34384384568435                                -29.013549490029572
283                                               -26.59321287139013                                -30.122352734737113                               -32.66189291915373
283.5                                             -28.046915438411467                               -32.023825564618704                               -33.9934610965697
284                                               -20.34546703953061                                -24.706373689922682                               -23.122364875253233
284.5                                             -28.61211955494775                                -32.3571937256076                                 -33.68457612232448
285                                               -29.384760644337213                               -31.820701601299664                               -34.370229691655815
285.5                                             -29.06496951367637                                -29.91715531258922                                -32.9198814362926
286                                               -27.355770179729618                               -26.41354634805016                                -29.532669016865984
286.5                                             -21.715939589641913                               -18.875305302726797                               -22.05551090403227
287                                               -17.24990071600761                                -12.423484789222139                               -15.92372708962707
287.5                                             -13.428904487387651                               -17.97254351087298                                -19.292551058313204
288                                               -28.731029077610874                               -28.855678507378265                               -31.741598488393482
288.5                                             -29.578686092946302                               -31.50448545037239                                -33.83676287280979
289                                               -29.378588275182768                               -33.040256634055496                               -34.54049666372654
289.5                                             -27.409667965684708                               -32.438104001962444                               -33.723387461774315
290                                               -26.301426839586092                               -33.18248514218869                                -30.984821002465225
290.5                                             -17.310696056949403                               -26.835820756520064                               -20.200027510794925
291                                               -22.480632544748136                               -32.30858795666557                                -26.60242517228299
291.5                                             -20.68483873992358                                -33.46816781163231                                -29.32839735735443
292                                               4.311647770604134                                 -12.616356084428402                               -5.278312645799423
292.5                                             -17.819327652881285                               -31.488500549164073                               -29.41223056634706
293                                               -14.524146447149466                               -31.57666973986235                                -27.404264774547663
293.5                                             -7.061862938064094                                -36.87696097511529                                -30.003756063981946
294                                               -19.965196964445973                               -36.39289093321749                                -34.848888100980204
294.5                                             -23.88631397680804                                -35.30042459926579                                -35.6108109254937
295                                               -24.832015849688535                               -33.19171085242016                                -34.665172122439124
295.5                                             -20.18394734026428                                -29.89062266627923                                -31.924396692453698
296                                               -17.966564774482453                               -22.825121569407123                               -25.50638810633235
296.5                                             -12.657350565064283                               -16.67112239823703                                -19.79706909051936
297                                               -16.489087052958222                               -26.837895480044388                               -27.832283472275314
297.5                                             0.13590502519981681                               -25.526913987060592                               -15.074905114177307
298                                               -19.155663041993154                               -32.66272926664191                                -32.554805416969046
298.5                                             -22.96726616266509                                -32.56150381154449                                -34.303150390269636
299                                               -26.002188111384356                               -33.69783769344855                                -34.19055806747174
299.5                                             -25.38232879354556                                -32.42732162677413                                -32.8208674214413
300                                               -26.318554068901687                               -30.13622873624814                                -30.32474309357971
