% Model:              biconRoominRoom.mph
% Version:            COMSOL 5.6.0.401
% Date:               Sep 30 2021, 12:23
% Table:              Table 1 - Global Evaluation 1 (emw.Vport_1)
% freq (MHz)                                      LPV (V)
10                                                0.13012556138509623
10.29029029029029                                 0.13012556138509623
10.58058058058058                                 0.13012556138509623
10.87087087087087                                 0.13012556138509623
11.161161161161159                                0.13012556138509623
11.451451451451451                                0.13012556138509626
11.741741741741741                                0.13012556138509626
12.032032032032031                                0.13012556138509626
12.322322322322321                                0.16112713459147654
12.612612612612612                                0.16112713459147654
12.9029029029029                                  0.1611271345914765
13.193193193193192                                0.16112713459147654
13.483483483483484                                0.16112713459147654
13.773773773773774                                0.16112713459147654
14.064064064064064                                0.1882236030315449
14.354354354354355                                0.1882236030315449
14.644644644644643                                0.1882236030315449
14.934934934934933                                0.1882236030315449
15.225225225225225                                0.1882236030315449
15.515515515515515                                0.1882236030315449
15.805805805805806                                0.21472642756648339
16.096096096096097                                0.21472642756648336
16.386386386386388                                0.21472642756648336
16.676676676676678                                0.21472642756648336
16.966966966966968                                0.21472642756648336
17.257257257257255                                0.21472642756648336
17.54754754754755                                 0.24224030357613385
17.837837837837835                                0.24224030357613385
18.12812812812813                                 0.24224030357613385
18.41841841841842                                 0.24224030357613385
18.70870870870871                                 0.24224030357613385
18.998998998999                                   0.2666464342391946
19.289289289289286                                0.2666464342391946
19.57957957957958                                 0.2666464342391946
19.86986986986987                                 0.2666464342391946
20.16016016016016                                 0.2666464342391946
20.45045045045045                                 0.2913995021720265
20.740740740740737                                0.2913995021720265
21.03103103103103                                 0.2913995021720265
21.321321321321317                                0.2913995021720265
21.61161161161161                                 0.2913995021720265
21.9019019019019                                  0.3175056397633965
22.19219219219219                                 0.3175056397633965
22.48248248248248                                 0.3175056397633965
22.772772772772772                                0.3175056397633965
23.063063063063062                                0.33992623080383066
23.353353353353356                                0.33992623080383066
23.643643643643642                                0.3399262308038306
23.933933933933936                                0.3399262308038306
24.22422422422422                                 0.36231803557252756
24.514514514514516                                0.36231803557252756
24.8048048048048                                  0.36231803557252756
25.095095095095097                                0.36231803557252756
25.385385385385383                                0.38592953963091975
25.675675675675677                                0.38592953963091975
25.965965965965964                                0.38592953963091975
26.256256256256254                                0.38592953963091975
26.546546546546548                                0.4107389316939406
26.836836836836834                                0.41073893169394066
27.127127127127128                                0.41073893169394066
27.41741741741742                                 0.41073893169394066
27.707707707707705                                0.4367062522896041
27.997997997998                                   0.4367062522896041
28.288288288288285                                0.4367062522896041
28.57857857857858                                 0.4367062522896041
28.868868868868866                                0.46390439055279986
29.15915915915916                                 0.46390439055279986
29.44944944944945                                 0.46390439055279986
29.739739739739736                                0.4860781229557344
30.03003003003003                                 0.4860781229557344
30.320320320320317                                0.4860781229557344
30.61061061061061                                 0.4860781229557344
30.9009009009009                                  0.5141281244168764
31.191191191191187                                0.5141281244168764
31.48148148148148                                 0.5141281244168764
31.771771771771768                                0.5387607626266679
32.06206206206206                                 0.5387607626266678
32.352352352352355                                0.5387607626266678
32.64264264264264                                 0.5625353836863463
32.93293293293293                                 0.5625353836863463
33.22322322322322                                 0.5625353836863463
33.513513513513516                                0.5874079870613527
33.8038038038038                                  0.5874079870613527
34.094094094094096                                0.5874079870613527
34.38438438438438                                 0.6135987781002057
34.67467467467468                                 0.6135987781002057
34.96496496496496                                 0.6135987781002057
35.25525525525526                                 0.6409836475776144
35.545545545545544                                0.6409836475776145
35.83583583583584                                 0.6409836475776144
36.126126126126124                                0.6695528902002601
36.41641641641641                                 0.6695528902002601
36.70670670670671                                 0.6695528902002601
36.996996996997                                   0.699389366501589
37.287287287287285                                0.699389366501589
37.57757757757757                                 0.699389366501589
37.86786786786787                                 0.7305927951622581
38.15815815815816                                 0.7305927951622582
38.44844844844844                                 0.7543127524542795
38.73873873873874                                 0.7543127524542796
39.02902902902903                                 0.7543127524542796
39.31931931931932                                 0.7844394104637487
39.6096096096096                                  0.7844394104637487
39.8998998998999                                  0.8106841617726637
40.190190190190194                                0.8106841617726637
40.48048048048047                                 0.8106841617726637
40.77077077077077                                 0.844142034909124
41.06106106106106                                 0.844142034909124
41.351351351351354                                0.8729914506500409
41.641641641641634                                0.8729914506500409
41.93193193193193                                 0.8984778084841032
42.22222222222222                                 0.8984778084841032
42.51251251251251                                 0.9246102921602853
42.8028028028028                                  0.9246102921602853
43.093093093093096                                0.9524548498317572
43.38338338338338                                 0.9524548498317572
43.673673673673676                                0.9816729106418374
43.96396396396396                                 0.9816729106418374
44.254254254254256                                1.0118931775380422
44.544544544544536                                1.0118931775380422
44.83483483483484                                 1.0431110889870083
45.12512512512512                                 1.0431110889870083
45.41541541541541                                 1.075439611267345
45.705705705705704                                1.075439611267345
45.995995995996                                   1.108993250829879
46.286286286286284                                1.108993250829879
46.57657657657657                                 1.1438385392183532
46.866866866866864                                1.1438385392183532
47.15715715715716                                 1.1800357116737974
47.447447447447445                                1.1800357116737974
47.73773773773774                                 1.2176500121662854
48.02802802802803                                 1.2176500121662854
48.31831831831832                                 1.2567605717290644
48.608608608608606                                1.2567605717290644
48.8988988988989                                  1.2974526659739412
49.18918918918919                                 1.3256443104975661
49.47947947947947                                 1.3256443104975661
49.76976976976977                                 1.3562394192324234
50.06006006006006                                 1.386402478463208
50.35035035035035                                 1.386402478463208
50.64064064064063                                 1.424675577329696
50.930930930930934                                1.4594285035426635
51.22122122122122                                 1.4594285035426635
51.51151151151151                                 1.4974928281125908
51.8018018018018                                  1.5338272687137167
52.092092092092095                                1.5338272687137167
52.382382382382374                                1.5741055786037996
52.67267267267267                                 1.6138305349727835
52.96296296296296                                 1.6138305349727835
53.253253253253256                                1.6564647040162435
53.543543543543535                                1.6997256862754018
53.833833833833836                                1.699725686275402
54.12412412412412                                 1.7534668022840527
54.41441441441441                                 1.753466802284053
54.704704704704696                                1.7954679128129571
54.994994994995                                   1.8403565016839356
55.28528528528528                                 1.8868789197617453
55.57557557557557                                 1.9249480885804908
55.865865865865864                                1.9249480885804908
56.15615615615616                                 1.987682113199606
56.44644644644644                                 1.987682113199606
56.73673673673674                                 2.062333241789667
57.02702702702703                                 2.062333241789667
57.31731731731732                                 2.1409074112026074
57.607607607607605                                2.1409074112026074
57.8978978978979                                  2.223618839579516
58.18818818818819                                 2.223618839579516
58.47847847847847                                 2.3107873018032463
58.76876876876877                                 2.3107873018032463
59.05905905905906                                 2.4027393967169206
59.349349349349346                                2.4027393967169206
59.63963963963963                                 2.4998275497315645
59.92992992992993                                 2.5275441563202747
60.22022022022022                                 2.602387122814347
60.51051051051051                                 2.630786741597705
60.8008008008008                                  2.7107519452138154
61.091091091091094                                2.7399711109392735
61.381381381381374                                2.825642698125861
61.67167167167167                                 2.855593566688692
61.96196196196196                                 2.9473940799555005
62.252252252252255                                2.9780563292312037
62.542542542542535                                3.0765160491106807
62.832832832832835                                3.1078644222330882
63.12312312312312                                 3.2135589637269195
63.41341341341341                                 3.2455588071778885
63.703703703703695                                3.3591055164209167
63.993993993993996                                3.3917114572424985
64.28428428428428                                 3.5137671557962205
64.57457457457457                                 3.5964066895650544
64.86486486486487                                 3.6789982102764807
65.15515515515516                                 3.7650213082016166
65.44544544544544                                 3.8538260204247075
65.73573573573574                                 3.945377682761797
66.02602602602603                                 4.039764506494244
66.31631631631632                                 4.137064254671894
66.60660660660662                                 4.237347357812161
66.89689689689689                                 4.340678604870056
67.18718718718719                                 4.447115648135301
67.47747747747748                                 4.556707039407482
67.76776776776777                                 4.669490280676754
68.05805805805807                                 4.785489678331408
68.34834834834835                                 4.903602667998614
68.63863863863864                                 5.026737583504438
68.92892892892894                                 5.152749739076948
69.2192192192192                                  5.281422485972405
69.50950950950951                                 5.413098925697324
69.7997997997998                                  5.54765352952096
70.09009009009007                                 5.684891746159456
70.38038038038039                                 5.824581006400056
70.67067067067067                                 5.966436119938484
70.96096096096095                                 6.110110466328893
71.25125125125126                                 6.2551904801301665
71.54154154154153                                 6.401190516387647
71.83183183183182                                 6.547548461858028
72.12212212212212                                 6.693622604627938
72.41241241241241                                 6.838690264510129
72.70270270270271                                 6.981948705133183
72.992992992993                                   7.122518865137855
73.28328328328328                                 7.259452417455668
73.57357357357358                                 7.3917425806620685
73.86386386386386                                 7.51833895638964
74.15415415415414                                 7.63816644567325
74.44444444444444                                 7.750148010241193
74.73473473473473                                 7.853230705818666
75.02502502502502                                 7.946414053859202
75.31531531531532                                 8.028779474095344
75.6056056056056                                  8.09951922277236
75.89589589589589                                 8.157963118537499
76.18618618618619                                 8.203601330061018
76.47647647647648                                 8.23610166890547
76.76676676676676                                 8.255320174003801
77.05705705705707                                 8.261304258643655
77.34734734734735                                 8.254288261147666
77.63763763763764                                 8.234681824813007
77.92792792792793                                 8.203052058052991
78.21821821821821                                 8.16010083019613
78.50850850850851                                 8.106638802440887
78.7987987987988                                  8.043557864177972
79.08908908908907                                 7.971803555932285
79.37937937937939                                 7.892348844665
79.66966966966967                                 7.806170319984023
79.95995995995995                                 7.714227547290652
80.25025025025025                                 7.617445986870985
80.54054054054055                                 7.516703597708998
80.83083083083082                                 7.412821009731171
81.12112112112112                                 7.306554975993668
81.41141141141141                                 7.198594706796033
81.70170170170171                                 7.089560632131648
81.991991991992                                   6.980005131765166
82.28228228228227                                 6.870414821317573
82.57257257257257                                 6.761214414287929
82.86286286286287                                 6.652799799967545
83.15315315315314                                 6.552622625306036
83.44344344344344                                 6.436267884558909
83.73373373373373                                 6.334438080838387
84.02402402402402                                 6.2321588197762665
84.31431431431432                                 6.131156972795298
84.6046046046046                                  6.03221164924643
84.89489489489489                                 5.935354029136258
85.18518518518519                                 5.840625640125211
85.47547547547548                                 5.7480682944845904
85.76576576576575                                 5.657707486133612
86.05605605605606                                 5.569553162508029
86.34634634634635                                 5.483602815408889
86.63663663663664                                 5.399843544237328
86.92692692692692                                 5.318253809546019
87.21721721721721                                 5.238804969895732
87.50750750750751                                 5.161462618129999
87.7977977977978                                  5.0861877350690206
88.08808808808807                                 5.012937681674762
88.37837837837839                                 4.941667048753099
88.66866866866867                                 4.872328381501591
88.95895895895895                                 4.804872794729009
89.24924924924925                                 4.739250492605499
89.53953953953955                                 4.675411205648611
89.82982982982982                                 4.613304555939968
90.12012012012012                                 4.580872356789429
90.4104104104104                                  4.494735740764995
90.7007007007007                                  4.462675624795963
90.990990990991                                   4.38147712151835
91.28128128128127                                 4.3505298132208114
91.57157157157157                                 4.274521000302204
91.86186186186187                                 4.244513800157888
92.15215215215214                                 4.173164759060057
92.44244244244244                                 4.14408071447506
92.73273273273273                                 4.077049424418878
93.02302302302301                                 4.048875707959995
93.31331331331332                                 3.985849236631804
93.6036036036036                                  3.958569772395854
93.89389389389389                                 3.8992575855200804
94.18418418418419                                 3.8728547416933745
94.47447447447448                                 3.816988224388555
94.76476476476475                                 3.791519469221834
95.05505505505506                                 3.7388696529908434
95.34534534534535                                 3.7145033354106136
95.63563563563564                                 3.664380700954774
95.92592592592592                                 3.6404734024166903
96.21621621621621                                 3.5935243704378705
96.50650650650651                                 3.5704207554503933
96.7967967967968                                  3.526050865897905
97.08708708708707                                 3.5037163545133705
97.37737737737739                                 3.4617364866303717
97.66766766766767                                 3.4401501894572903
97.95795795795794                                 3.4102424410685868
98.24824824824825                                 3.370839145545798
98.53853853853855                                 3.3503005439049094
98.82882882882882                                 3.322070307877843
99.11911911911912                                 3.286010801614066
99.4094094094094                                  3.266518774146736
99.69969969969969                                 3.239890516266286
99.98998998999                                    3.2068161843149383
100.28028028028027                                3.188317213953479
100.57057057057057                                3.163206095064082
100.86086086086087                                3.135323792158622
101.15115115115114                                3.1082616229491977
101.44144144144144                                3.084274717622565
101.73173173173173                                3.062686459690966
102.02202202202201                                3.0415132073282405
102.31231231231232                                3.0200503650772537
102.6026026026026                                 2.998628546336823
102.89289289289287                                2.977700973648062
103.18318318318319                                2.957408215959899
103.47347347347348                                2.937648659054284
103.76376376376375                                2.9183010915569745
104.05405405405406                                2.899319673231053
104.34434434434435                                2.8806866368811317
104.63463463463464                                2.8624435883654042
104.92492492492492                                2.844611176260041
105.21521521521521                                2.827152800671393
105.50550550550551                                2.810056385916101
105.7957957957958                                 2.7933057792157587
106.08608608608607                                2.7769002625828882
106.37637637637638                                2.760831414778862
106.66666666666667                                2.7450934288606423
106.95695695695694                                2.7296767753999243
107.24724724724724                                2.7145744700763754
107.53753753753755                                2.699778799944805
107.82782782782782                                2.6852832369502893
108.11811811811812                                2.6710807646074217
108.4084084084084                                 2.6571648161530863
108.69869869869869                                2.643528709720928
108.988988988989                                  2.6301660727812464
109.27927927927927                                2.617070575572494
109.56956956956957                                2.6042360842138903
109.85985985985987                                2.5916565579893702
110.15015015015014                                2.5793261503705884
110.44044044044044                                2.5672392644698245
110.73073073073073                                2.555390976337203
111.02102102102101                                2.54378061324232
111.31131131131131                                2.532691992332187
111.6016016016016                                 2.522904476882257
111.89189189189187                                2.510736044973481
112.18218218218219                                2.499416856165051
112.47247247247248                                2.4892734009223485
112.76276276276275                                2.480939248111861
113.05305305305306                                2.4682309778907325
113.34334334334335                                2.468230977890733
113.63363363363362                                2.453764226416691
113.92392392392392                                2.440240189711657
114.21421421421421                                2.4320642753269195
114.50450450450451                                2.4202701397575908
114.7947947947948                                 2.4202701397575908
115.08508508508507                                2.407290453850025
115.37537537537538                                2.393651499643087
115.66566566566567                                2.393651499643087
115.95595595595594                                2.380030095357622
116.24624624624624                                2.3680159537506382
116.53653653653654                                2.3578068635448575
116.82682682682682                                2.350041226452232
117.11711711711712                                2.3426370681132855
117.4074074074074                                 2.334768771654824
117.69769769769769                                2.326499995654265
117.98798798798799                                2.318331859307567
118.27827827827826                                2.3103279530856744
118.56856856856857                                2.3024958195003897
118.85885885885887                                2.294645871282276
119.14914914914914                                2.2867823921011663
119.43943943943944                                2.278858533330834
119.72972972972973                                2.270935247881518
120.02002002002001                                2.262960937530212
120.31031031031031                                2.254951604998038
120.6006006006006                                 2.246835557452868
120.89089089089087                                2.23889946910207
121.18118118118119                                2.231138279118473
121.47147147147147                                2.221966995956923
121.76176176176175                                2.2127975207178725
122.05205205205206                                2.2034356816353644
122.34234234234233                                2.1947856845631053
122.63263263263262                                2.1862489410911174
122.92292292292292                                2.18283755654349
123.21321321321321                                2.1663943261011562
123.50350350350351                                2.1602746230424854
123.7937937937938                                 2.1444210902749683
124.08408408408407                                2.1380350535643564
124.37437437437438                                2.120106111344734
124.66466466466467                                2.113512978268353
124.95495495495494                                2.0926865417164504
125.24524524524524                                2.08586482234357
125.53553553553554                                2.0612635801586063
125.82582582582582                                2.054212435552243
126.11611611611612                                2.0246792957776467
126.40640640640639                                2.00339055785757
126.69669669669669                                1.9810746298907838
126.98698698698699                                1.9563077675483826
127.27727727727726                                1.9290156439095618
127.56756756756756                                1.8988678356864226
127.85785785785787                                1.865430069584151
128.14814814814815                                1.8281929272393405
128.43843843843842                                1.7865570925500356
128.72872872872873                                1.73981283829006
129.01901901901903                                1.687116813898003
129.3093093093093                                 1.6274641932962073
129.5995995995996                                 1.55965541237973
129.8898898898899                                 1.4822572699001832
130.18018018018017                                1.3935590090696215
130.47047047047047                                1.2915257301453076
130.76076076076077                                1.173754884553395
131.05105105105105                                1.0374482473460935
131.34134134134135                                0.8794280588657699
131.63163163163165                                0.6895113329256906
131.92192192192192                                0.4786373797263092
132.21221221221222                                0.2363357497935236
132.50250250250252                                0.051463224355904655
132.7927927927928                                 0.37247310742109035
133.08308308308307                                0.7260496733591844
133.3733733733734                                 1.103142257020249
133.66366366366367                                1.492463280684932
133.95395395395394                                1.8773153177067579
134.24424424424424                                2.2401375967074046
134.53453453453454                                2.566385278905439
134.82482482482482                                2.8473153883532207
135.1151151151151                                 3.080646136373804
135.40540540540542                                3.26927877878998
135.6956956956957                                 3.4191699779718885
135.985985985986                                  3.5373768622961412
136.2762762762763                                 3.6307468078724416
136.56656656656656                                3.705256105364422
136.85685685685684                                3.765802636064101
137.14714714714717                                3.8124365133467593
137.43743743743744                                3.859504560579639
137.7277277277277                                 3.896443240084486
138.018018018018                                  3.9345845317238473
138.30830830830828                                3.9678517343042317
138.59859859859858                                4.000415958624043
138.88888888888889                                4.033391626398493
139.1791791791792                                 4.06602453375579
139.46946946946946                                4.099419653792661
139.75975975975976                                4.1316162774532295
140.05005005005003                                4.167796858762484
140.34034034034033                                4.206923620194388
140.63063063063063                                4.246516548172618
140.92092092092093                                4.2878976099336255
141.2112112112112                                 4.33065091172249
141.5015015015015                                 4.375350074962571
141.79179179179178                                4.422193902481447
142.08208208208208                                4.472033868888073
142.37237237237238                                4.523445734299972
142.66266266266265                                4.576966803981198
142.95295295295296                                4.63261368671153
143.24324324324323                                4.690341141417959
143.53353353353353                                4.750073172740222
143.82382382382383                                4.811707980040611
144.11411411411413                                4.87510653897845
144.4044044044044                                 4.940086816429431
144.6946946946947                                 5.0064168434960274
144.98498498498495                                5.073807050581359
145.27527527527528                                5.141901884496168
145.56556556556558                                5.210271071818632
145.85585585585585                                5.278400879974464
146.14614614614615                                5.345685900754929
146.43643643643645                                5.411422043998359
146.7267267267267                                 5.472981979192429
147.01701701701703                                5.530245270987397
147.3073073073073                                 5.588768257767592
147.5975975975976                                 5.639313833692644
147.8878878878879                                 5.683952501738254
148.17817817817814                                5.718936166299889
148.46846846846847                                5.746245466017557
148.75875875875877                                5.7631230561547655
149.04904904904905                                5.76875790054295
149.33933933933935                                5.761935374310225
149.62962962962965                                5.741997420344998
149.9199199199199                                 5.7086572444039
150.21021021021022                                5.6605908490770815
150.5005005005005                                 5.598730615672474
150.7907907907908                                 5.5243970008819225
151.0810810810811                                 5.435384194044302
151.37137137137134                                5.334681417309905
151.66166166166164                                5.2234270742861355
151.95195195195197                                5.102647797478436
152.24224224224224                                4.9738297820147555
152.53253253253254                                4.8385014400310595
152.82282282282281                                4.69819178585738
153.1131131131131                                 4.554721674117326
153.40340340340342                                4.410030928725184
153.6936936936937                                 4.261737543645847
153.983983983984                                  4.128425947843816
154.2742742742743                                 3.969118231180515
154.56456456456456                                3.8380779969473235
154.85485485485484                                3.685314364140516
155.14514514514514                                3.5437107501144838
155.43543543543544                                3.4100855790734084
155.72572572572574                                3.27996929812733
156.016016016016                                  3.153456746517122
156.30630630630628                                3.031110085419037
156.59659659659658                                2.913154885689771
156.88688688688688                                2.7980310138486293
157.17717717717719                                2.6930254461379244
157.46746746746746                                2.5848789781656
157.75775775775776                                2.482306790599603
158.04804804804803                                2.384926834579023
158.33833833833833                                2.2943904632063163
158.62862862862863                                2.202566398510121
158.91891891891893                                2.1143234187636915
159.2092092092092                                 2.0317973059603904
159.4994994994995                                 1.9517410228035532
159.78978978978978                                1.8749896601715015
160.08008008008008                                1.8012470747759883
160.37037037037038                                1.7303352347719994
160.66066066066065                                1.6621220060701083
160.95095095095095                                1.5964795837543726
161.24124124124123                                1.5332830065533023
161.5315315315315                                 1.4724123952079489
161.82182182182183                                1.4137531815655917
162.11211211211213                                1.357196249743488
162.4024024024024                                 1.3026382964688965
162.6926926926927                                 1.249982922427916
162.98298298298295                                1.199144405781516
163.27327327327328                                1.1500625411205976
163.56356356356358                                1.1027703896901309
163.85385385385385                                1.0577344172397594
164.14414414414415                                1.016928666047676
164.43443443443442                                0.968834392733186
164.7247247247247                                 0.9271348902798054
165.01501501501502                                0.886944187731905
165.3053053053053                                 0.8486341550692871
165.5955955955956                                 0.8035471208958516
165.8858858858859                                 0.7725760165068268
166.17617617617614                                0.7367437214669876
166.46646646646644                                0.7040379513871619
166.75675675675677                                0.6663882871049742
167.04704704704704                                0.6332306766557491
167.33733733733735                                0.6080005554695852
167.6276276276276                                 0.5702097118088068
167.9179179179179                                 0.5392029761142842
168.20820820820822                                0.5088634423433894
168.4984984984985                                 0.4907702753522055
168.7887887887888                                 0.45127673884076747
169.0790790790791                                 0.4228248226273675
169.36936936936934                                0.3956153202053705
169.65965965965964                                0.3688728378805668
169.94994994994997                                0.342691460153418
170.24024024024024                                0.32822957818077325
170.53053053053054                                0.2921024522154914
170.8208208208208                                 0.26724459873549034
171.1111111111111                                 0.25341916064744985
171.4014014014014                                 0.21975974624946334
171.6916916916917                                 0.20617456091955133
171.981981981982                                  0.17409539131051793
172.2722722722723                                 0.15188547943682548
172.56256256256253                                0.13871283213746397
172.85285285285283                                0.10824284799894372
173.14314314314313                                0.09578181902802711
173.43343343343344                                0.06835077343472852
173.72372372372374                                0.046283761466009626
174.014014014014                                  0.026682626300529786
174.30430430430428                                0.0069683314849563775
174.59459459459458                                0.012043611469370955
174.88488488488488                                0.030513149149577385
175.17517517517518                                0.048787801138113346
175.46546546546546                                0.06581249188310412
175.75575575575576                                0.08370694229281414
176.04604604604603                                0.10062475481087596
176.33633633633633                                0.11691981125274009
176.62662662662663                                0.13265903250826505
176.91691691691693                                0.14781375463615656
177.2072072072072                                 0.15692982801216743
177.49749749749748                                0.17596772279283318
177.78778778778778                                0.189324813359044
178.07807807807808                                0.20151030552748034
178.36836836836838                                0.21283011741098093
178.65865865865865                                0.22312143875436513
178.94894894894895                                0.23225446566979496
179.23923923923923                                0.24008284727847815
179.5295295295295                                 0.24643520445951012
179.81981981981983                                0.2511113444071668
180.11011011011013                                0.25387759453738135
180.4004004004004                                 0.2544614045992211
180.6906906906907                                 0.2525452399116365
180.98098098098095                                0.24775991355905272
181.27127127127127                                0.23967984599770584
181.56156156156158                                0.22791449869325037
181.85185185185185                                0.21161417636780874
182.14214214214215                                0.18988060254584596
182.43243243243242                                0.16194824857000711
182.7227227227227                                 0.0768549732380424
183.01301301301302                                0.09222300302537623
183.3033033033033                                 0.05361467367743487
183.5935935935936                                 0.008958627212833995
183.8838838838839                                 0.07806898289364916
184.17417417417414                                0.1542864104122188
184.46446446446444                                0.23979937477085828
184.75475475475477                                0.33169594094447596
185.04504504504504                                0.43872676087421214
185.33533533533534                                0.5301009078371551
185.6256256256256                                 0.6594122222097447
185.9159159159159                                 0.7556384317254619
186.20620620620622                                0.8881113726132361
186.4964964964965                                 0.9849526091389498
186.7867867867868                                 1.1090895630459425
187.0770770770771                                 1.200650742791815
187.36736736736734                                1.3116716229226615
187.65765765765764                                1.3962988250051462
187.94794794794797                                1.494881738019329
188.23823823823824                                1.5732538689290991
188.52852852852854                                1.6577931975313693
188.8188188188188                                 1.7367930066129071
189.10910910910908                                1.8126278084167806
189.39939939939939                                1.8868539268298616
189.6896896896897                                 1.9597281714693089
189.97997997998                                   2.0263208562614365
190.2702702702703                                 2.104367318753885
190.56056056056053                                2.1787464615959715
190.85085085085083                                2.2536594517719837
191.14114114114113                                2.3270913010042698
191.43143143143143                                2.4027333724618796
191.72172172172174                                2.4809511716296946
192.012012012012                                  2.5722382236068273
192.30230230230228                                2.6521028402939093
192.59259259259258                                2.7458522090664195
192.88288288288288                                2.831791500280592
193.17317317317318                                2.9341367047267504
193.46346346346346                                3.0317702767430803
193.75375375375376                                3.1364196117226104
194.04404404404403                                3.2458415377109633
194.33433433433433                                3.359712213476943
194.62462462462463                                3.4783841956460897
194.91491491491493                                3.60509028969611
195.2052052052052                                 3.736328498188112
195.49549549549548                                3.8741765202485143
195.78578578578575                                4.0190925043503904
196.07607607607608                                4.175646011014938
196.36636636636638                                4.321704904751336
196.65665665665665                                4.493200855634099
196.94694694694695                                4.674983261781575
197.23723723723722                                4.8530081707563015
197.5275275275275                                 5.0551407683216585
197.81781781781783                                5.26079446770777
198.10810810810813                                5.473242761781562
198.3983983983984                                 5.697412600007223
198.6886886886887                                 5.929537410641964
198.97897897897894                                6.171431979530942
199.26926926926927                                6.418864588133964
199.55955955955957                                6.671491915787817
199.84984984984985                                6.935178167781721
200.14014014014015                                7.199200164358641
200.43043043043042                                7.462068188080828
200.7207207207207                                 7.721282975291726
201.01101101101102                                7.972774966213965
201.3013013013013                                 8.211958593092735
201.5915915915916                                 8.433893801241593
201.8818818818819                                 8.633520606182326
202.17217217217214                                8.805969311903056
202.46246246246244                                8.946914745908169
202.75275275275277                                9.052930200096965
203.04304304304304                                9.121787715714575
203.33333333333334                                9.15265564471442
203.6236236236236                                 9.145973600393067
203.9139139139139                                 9.103908930246556
204.20420420420422                                9.029470439155885
204.4944944944945                                 8.926761199667515
204.7847847847848                                 8.79921620029412
205.0750750750751                                 8.652431862934574
205.36536536536534                                8.491401189008629
205.65565565565564                                8.320879254987979
205.94594594594597                                8.137408436720179
206.23623623623624                                7.954599431405871
206.52652652652654                                7.769795978810167
206.8168168168168                                 7.586561963683628
207.10710710710708                                7.400353627844159
207.39739739739738                                7.22322528439134
207.68768768768768                                7.048713840201029
207.977977977978                                  6.8807630788873535
208.2682682682683                                 6.7205482296530965
208.55855855855853                                6.563161525791958
208.84884884884883                                6.413025166008735
209.13913913913913                                6.270256113502849
209.42942942942943                                6.133109688711552
209.71971971971973                                6.002255107714843
210.01001001001                                   5.878799308575514
210.30030030030028                                5.760008889432642
210.59059059059058                                5.649728807270481
210.88088088088088                                5.5416818980377975
211.17117117117118                                5.4359745274449915
211.46146146146145                                5.3391336703072065
211.75175175175175                                5.248044832808308
212.04204204204203                                5.152332758065117
212.3323323323323                                 5.062213332810842
212.62262262262263                                4.9525115607073245
212.91291291291293                                4.815623616971664
213.2032032032032                                 3.9805759288717493
213.49349349349347                                4.194920796501295
213.78378378378375                                4.614967867730604
214.07407407407408                                4.6211110861095985
214.36436436436438                                4.5844933203487095
214.65465465465465                                4.535860582313792
214.94494494494495                                4.488907088561976
215.23523523523522                                4.4477495247836165
215.5255255255255                                 4.37500409849665
215.81581581581582                                4.342952756383638
216.10610610610613                                4.303479726798457
216.3963963963964                                 4.2664940476107045
216.6866866866867                                 4.229280779971073
216.97697697697694                                4.190997719048483
217.26726726726724                                4.144630898802153
217.55755755755757                                3.1656577471899623
217.84784784784785                                3.9822408536719673
218.13813813813815                                4.024810679312801
218.42842842842842                                4.0152662836142525
218.7187187187187                                 3.995560967807083
219.00900900900902                                3.9747311045478115
219.2992992992993                                 3.954404236140101
219.5895895895896                                 3.9345845686750542
219.8798798798799                                 3.9167327778976913
220.17017017017014                                3.899284812802445
220.46046046046044                                3.8837173777765805
220.75075075075077                                3.8698700875695353
221.04104104104104                                3.85776749833285
221.33133133133134                                3.8476506063981493
221.62162162162159                                3.8396568842111582
221.9119119119119                                 3.8348348969624784
222.2022022022022                                 3.8330913021277273
222.4924924924925                                 3.8358540295624826
222.7827827827828                                 3.843608578473221
223.0730730730731                                 3.859668989292823
223.36336336336333                                3.8877858232623237
223.65365365365363                                3.9330582347487613
223.94394394394396                                4.008008584945718
224.23423423423424                                4.134713012689295
224.52452452452454                                4.3739505456729315
224.8148148148148                                 4.895541597457721
225.10510510510508                                1.7057417309835052
225.39539539539538                                5.060491016039016
225.68568568568568                                0.7481737100528839
225.97597597597598                                1.4400028655981
226.26626626626629                                2.197801578499583
226.55655655655653                                2.280810745069595
226.84684684684683                                2.301576425161981
227.13713713713713                                2.266851981723428
227.42742742742743                                2.18008368046112
227.71771771771773                                2.031067414290342
228.008008008008                                  1.778323090664842
228.29829829829828                                1.09769240259921
228.58858858858858                                2.2649701820150168
228.87887887887888                                1.251912997128039
229.16916916916918                                0.3934395402987947
229.45945945945945                                1.0010901933235221
229.74974974974975                                4.030388844554506
230.04004004004003                                14.562698912026828
230.3303303303303                                 21.237867050347827
230.62062062062063                                11.58711092726927
230.91091091091093                                8.606929415404775
231.2012012012012                                 7.243592554978071
231.49149149149147                                6.463168945457471
231.78178178178175                                5.957529827454659
232.07207207207207                                5.591951932790959
232.36236236236238                                5.315277754278408
232.65265265265265                                5.093276844118305
232.94294294294295                                4.90686002652594
233.23323323323322                                4.743656895646145
233.5235235235235                                 4.594822636733827
233.81381381381382                                4.453325928983175
234.10410410410412                                4.311886738336343
234.3943943943944                                 4.163487561555423
234.6846846846847                                 3.9975336074285095
234.97497497497494                                3.7909167312933407
235.26526526526524                                3.5153153478021695
235.55555555555557                                3.100706087563027
235.84584584584584                                2.4243922658671124
236.13613613613614                                1.2809240524792191
236.42642642642642                                0.29758842301759847
236.7167167167167                                 1.7166993238643329
237.00700700700702                                2.5655807048080215
237.2972972972973                                 2.997884284935559
237.5875875875876                                 3.1928106511437395
237.8778778778779                                 3.2730217773281964
238.16816816816814                                3.2952530666423168
238.45845845845844                                3.2876090892321335
238.74874874874877                                3.2612164184669012
239.03903903903904                                3.2236126889555248
239.32932932932934                                3.1789236247682684
239.61961961961958                                3.1341240956368805
239.90990990990989                                3.0799045840869046
240.2002002002002                                 3.02528358800183
240.4904904904905                                 2.9729663509159416
240.7807807807808                                 2.9171635552687945
241.0710710710711                                 2.86224569149797
241.36136136136133                                2.807596304091958
241.65165165165163                                2.7537056861396474
241.94194194194193                                2.6994505032562093
242.23223223223223                                2.647359409151763
242.52252252252254                                2.5952910020746347
242.8128128128128                                 2.547310849285619
243.10310310310308                                2.490188462466209
243.39339339339338                                2.44540757861784
243.68368368368368                                2.3901266325927533
243.97397397397398                                2.3464355047561427
244.26426426426428                                2.2954078293541493
244.55455455455453                                2.247362837585259
244.84484484484483                                2.1997123030473604
245.13513513513513                                2.156120293041523
245.42542542542543                                2.112303670271077
245.71571571571573                                2.066489340810348
246.006006006006                                  2.022693843139857
246.29629629629628                                1.9843918080059524
246.58658658658658                                1.945870387720958
246.87687687687688                                1.896793494449545
247.16716716716718                                1.8597819457246783
247.45745745745745                                1.8174894410306786
247.74774774774772                                1.7796927845743051
248.03803803803802                                1.7402086849574327
248.3283283283283                                 1.7031931137237903
248.61861861861863                                1.6593064229682135
248.90890890890893                                1.622615348191607
249.1991991991992                                 1.5861850934610937
249.48948948948947                                1.5492992722187484
249.77977977977974                                1.513830964438559
250.07007007007007                                1.4741616587172774
250.36036036036037                                1.4405852363024771
250.65065065065065                                1.4013240216937157
250.94094094094095                                1.3640985229816165
251.23123123123122                                1.3288332611999438
251.5215215215215                                 1.2973212167412016
251.81181181181182                                1.250865597679784
252.10210210210212                                1.211828186091932
252.3923923923924                                 1.1711556816863113
252.68268268268267                                1.1324999949954901
252.97297297297294                                1.0957830629589478
253.26326326326324                                1.0549820289329241
253.55355355355357                                1.0128272557848352
253.84384384384384                                0.9689539091172968
254.13413413413414                                0.9232791263100295
254.42442442442442                                0.8742494755957322
254.7147147147147                                 0.8259006972116857
255.00500500500502                                0.7745987761286287
255.2952952952953                                 0.7126370939384401
255.5855855855856                                 0.6560581669634504
255.8758758758759                                 0.5712851192009517
256.16616616616614                                0.5181497857108377
256.45645645645646                                0.45182891459585817
256.7467467467468                                 0.13787512870568977
257.03703703703707                                0.1307044950509763
257.32732732732734                                0.09560578732666729
257.6176176176176                                 0.10079520213620737
257.9079079079079                                 0.16244266475686497
258.1981981981982                                 0.31733109352688743
258.4884884884885                                 0.7028177346436074
258.7787787787788                                 2.318528042843766
259.0690690690691                                 2.0110547314663956
259.35935935935936                                0.8752847818139091
259.64964964964963                                0.5683666414389066
259.9399399399399                                 0.405764513046692
260.23023023023023                                0.30452241016509435
260.52052052052056                                0.22763644239958933
260.81081081081084                                0.1636356766768722
261.1011011011011                                 0.11515489496564103
261.3913913913914                                 0.2556618127410752
261.68168168168165                                0.02245011126251103
261.971971971972                                  0.014867043218679184
262.2622622622623                                 0.04798891362022134
262.5525525525526                                 0.0886418415783573
262.84284284284286                                0.11629534735799757
263.13313313313313                                0.14813568416487083
263.4234234234234                                 0.17314191201816315
263.71371371371373                                0.20065771117886158
264.004004004004                                  0.22404824607073637
264.29429429429433                                0.24481052373137968
264.5845845845846                                 0.2653749290667776
264.8748748748749                                 0.28534733705214854
265.16516516516515                                0.30404369686909366
265.4554554554554                                 0.3222588266934788
265.74574574574575                                0.3364672739570626
266.036036036036                                  0.35289080316228877
266.32632632632635                                0.3687811701224873
266.6166166166166                                 0.3817771399665026
266.9069069069069                                 0.3953044717350655
267.1971971971972                                 0.40550026255496885
267.4874874874875                                 0.41830983289450546
267.77777777777777                                0.4286098480065872
268.0680680680681                                 0.43874913261892745
268.3583583583584                                 0.450399461225443
268.6486486486486                                 0.46277340833933334
268.9389389389389                                 0.4684920856559566
269.22922922922925                                0.4807173458031021
269.5195195195195                                 0.48985439976690687
269.8098098098098                                 0.4987506332300175
270.10010010010006                                0.5053568837821579
270.3903903903904                                 0.5155018095998389
270.68068068068067                                0.5206731463854428
270.970970970971                                  0.5302827157670484
271.26126126126127                                0.5389611004880571
271.5515515515515                                 0.5451444974607225
271.84184184184187                                0.5535431646510262
272.1321321321321                                 0.5599813480281406
272.4224224224224                                 0.5677666916842208
272.71271271271274                                0.5760140002993128
273.003003003003                                  0.5823327623817749
273.2932932932933                                 0.590646881284052
273.58358358358356                                0.5978550309707055
273.8738738738739                                 0.6057658994827789
274.16416416416416                                0.6131684161698281
274.45445445445444                                0.6206639462294765
274.74474474474476                                0.6267094837962242
275.035035035035                                  0.6369064821032151
275.3253253253253                                 0.6441746184721958
275.61561561561564                                0.6524646575000498
275.9059059059059                                 0.6592830158049291
276.1961961961962                                 0.6692615783156836
276.48648648648646                                0.678221624517149
276.7767767767768                                 0.6852769186931991
277.06706706706706                                0.6978483444440089
277.3573573573574                                 0.7059123270790357
277.64764764764766                                0.7170870278021662
277.9379379379379                                 0.7270318646126614
278.22822822822826                                0.738600510445416
278.5185185185185                                 0.7511119285609059
278.8088088088088                                 0.760130716690839
279.0990990990991                                 0.7754032928239091
279.3893893893894                                 0.7881945158305165
279.6796796796797                                 0.8007634044849111
279.9699699699699                                 0.8159203719183424
280.2602602602603                                 0.8298884699976748
280.55055055055055                                0.8486258913737571
280.8408408408408                                 0.8650100547176203
281.13113113113116                                0.8867938754243563
281.42142142142137                                0.987587618816537
281.7117117117117                                 0.9106230655789076
282.002002002002                                  0.936508364464609
282.2922922922923                                 0.9599447412978
282.5825825825826                                 0.9888747931337787
282.8728728728729                                 1.0058206652108128
283.1631631631632                                 1.0431811674022962
283.4534534534534                                 1.083469449116178
283.7437437437438                                 1.1326572317679722
284.03403403403405                                1.2162587911361076
284.3243243243243                                 1.5278303578602714
284.6146146146146                                 0.8270172189277933
284.90490490490487                                1.0776046114829854
285.1951951951952                                 1.174736267690537
285.48548548548547                                1.245556220001043
285.7757757757758                                 1.3168989585970756
286.06606606606607                                1.3885992115069374
286.3563563563563                                 1.4725572624135577
286.6466466466467                                 1.5751451420793123
286.93693693693695                                1.7271570319709268
287.2272272272272                                 1.8126566994557132
287.51751751751755                                2.1049638298530557
287.80780780780776                                3.6153548453371003
288.0980980980981                                 1.7214942328050746
288.38838838838836                                2.348829366736305
288.6786786786787                                 3.018800862365897
288.96896896896897                                4.194299153435869
289.2592592592593                                 6.21336620992285
289.54954954954957                                4.194611604195841
289.8398398398398                                 1.7447399719098962
290.1301301301301                                 0.6868898006402465
290.42042042042044                                0.1346596280267334
290.7107107107107                                 0.22165778104145462
291.001001001001                                  0.4689908920529975
291.29129129129126                                0.6552982142405668
291.5815815815816                                 0.8201238870053651
291.87187187187186                                0.955332651650953
292.1621621621622                                 1.0757819013306644
292.45245245245246                                1.183358658113353
292.7427427427427                                 1.295199704303088
293.03303303303306                                1.3839969326090715
293.3233233233233                                 1.4799624413640264
293.6136136136136                                 1.570002912088732
293.90390390390394                                1.6555055240335008
294.1941941941942                                 1.7349530051733624
294.4844844844845                                 1.807403248759111
294.7747747747747                                 1.8707446282115208
295.0650650650651                                 1.928845427264953
295.35535535535536                                1.979229479597377
295.64564564564563                                1.9885838622499208
295.93593593593596                                2.06110585594735
296.2262262262262                                 2.078313905650663
296.5165165165165                                 2.081593794145427
296.80680680680683                                2.0880081905381984
297.0970970970971                                 2.0755653759355868
297.3873873873874                                 2.055439732927182
297.67767767767765                                2.024066426290278
297.967967967968                                  1.9905922638615852
298.2582582582582                                 1.9527762089812588
298.5485485485486                                 1.91230549460916
298.83883883883885                                1.8677492728840865
299.1291291291291                                 1.816284042230873
299.41941941941946                                1.7726028271961864
299.70970970970967                                1.717967035699747
300                                               1.669196228811166
