% Model:              bicon_box_orientation_steel_11.17.20.mph
% Version:            COMSOL 5.4.0.388
% Date:               Dec 1 2020, 13:47
% Table:              Table 4 - Antenna Factor (10*log10(1/(abs(emw.Vport_1))))
% freq (MHz)                                      Antenna Factor
30                                                45.70924929284157
30.299999999999997                                44.06464442440162
30.599999999999998                                43.830920556184154
30.9                                              43.71556820939474
31.2                                              43.66358471915188
31.5                                              43.65476530996879
31.799999999999997                                43.67219228026654
32.1                                              43.711401238170225
32.4                                              43.767908339527175
32.699999999999996                                43.8358724321126
33                                                43.913973232529756
33.3                                              43.9983951714494
33.6                                              44.089127962832
33.9                                              44.18494418331278
34.199999999999996                                44.283094857300085
34.5                                              44.38449863381344
34.8                                              44.48934817596167
35.1                                              44.592631206018176
35.4                                              44.46336699005491
35.699999999999996                                44.50500927108951
36                                                44.54508965732546
36.3                                              44.58712186913546
36.6                                              44.628076769457934
36.9                                              44.67076744787909
37.199999999999996                                44.71150580536939
37.5                                              44.75319598288033
37.8                                              44.795040894548976
38.1                                              44.836148627656016
38.4                                              44.8758615532451
38.699999999999996                                44.91605648643598
39                                                44.95799607955237
39.3                                              44.99477111011593
39.6                                              45.034177671313486
39.9                                              45.07193058361458
40.199999999999996                                45.10642377690005
40.5                                              45.143323206958584
40.8                                              45.179374861635715
41.1                                              45.2125824883875
41.4                                              45.24782067772083
41.699999999999996                                45.28098510181029
42                                                45.314128618755795
42.3                                              45.34688248033834
42.6                                              45.374956960647445
42.9                                              45.404627072869175
43.199999999999996                                45.43740827648057
43.5                                              45.46451268203416
43.8                                              45.491438475445506
44.1                                              45.51859125093628
44.4                                              45.54224007356919
44.699999999999996                                45.5688209197243
45                                                45.591121625069775
45.3                                              45.614426033344266
45.6                                              45.6409282947087
45.9                                              45.662063953923266
46.199999999999996                                45.6839821546577
46.5                                              45.70372116996403
46.8                                              45.723103903507614
47.1                                              45.74166894195674
47.4                                              45.76160822831871
47.699999999999996                                45.77709433526155
48                                                45.79659768230834
48.3                                              45.81048659723639
48.599999999999994                                45.82241190008371
48.9                                              45.83916476496398
49.199999999999996                                45.850482802432424
49.5                                              45.864391389588604
49.8                                              45.87411843980355
50.099999999999994                                45.887698828947606
50.4                                              45.89974707933621
50.699999999999996                                45.90895579184628
51                                                45.9196457418866
51.3                                              45.926453366621594
51.599999999999994                                45.93475402970961
51.9                                              45.9425129205968
52.199999999999996                                45.94841510877191
52.5                                              45.95777326801472
52.8                                              45.96435901315488
53.099999999999994                                45.96703346936763
53.4                                              45.97266410038021
53.699999999999996                                45.97875190611015
54                                                45.983678337207294
54.3                                              45.991933235293445
54.599999999999994                                45.98911912452976
54.9                                              45.99385470941976
55.199999999999996                                46.003277616882514
55.5                                              46.00238789521008
55.8                                              46.00305182604891
56.099999999999994                                46.007708188230836
56.4                                              46.007706684754865
56.699999999999996                                46.01262552321421
57                                                46.011620242400426
57.3                                              46.01458405852664
57.599999999999994                                46.01785647891967
57.9                                              46.02444919309569
58.199999999999996                                46.02401636688373
58.5                                              46.03033644396216
58.8                                              46.03394152465336
59.099999999999994                                46.04169396853128
59.4                                              46.041885793480105
59.699999999999996                                46.04637702496038
60                                                46.052663417675454
60.3                                              46.06403985417529
60.599999999999994                                46.06970732376959
60.9                                              46.08274857006187
61.199999999999996                                46.08886095621038
61.5                                              46.10204531340921
61.8                                              46.11829726979202
62.099999999999994                                46.12933711035819
62.4                                              46.14678032603514
62.699999999999996                                46.15845847944388
63                                                46.16696304738568
63.3                                              46.18654563985057
63.599999999999994                                46.19509284597143
63.9                                              46.232150966174515
64.2                                              46.2656609229045
64.5                                              46.30673133917833
64.8                                              46.337155758589034
65.1                                              46.37372113136088
65.39999999999999                                 46.40938142293909
65.7                                              46.44724553956909
66                                                46.484492603497515
66.3                                              46.52520333084397
66.6                                              46.56501793645313
66.89999999999999                                 46.60717278147204
67.2                                              46.64955686943774
67.5                                              46.68674536446118
67.8                                              46.72042645986043
68.1                                              46.75069592980389
68.39999999999999                                 46.77906491282097
68.7                                              46.801147578809285
69                                                46.81700773024677
69.3                                              46.82262466594783
69.6                                              46.82025731915203
69.89999999999999                                 46.80632735605563
70.2                                              46.78363673828662
70.5                                              46.75245644488393
70.8                                              46.71091553025029
71.1                                              46.66179569031593
71.39999999999999                                 46.605228208672884
71.7                                              46.542573169328875
72                                                46.47540403750729
72.3                                              46.404596218964215
72.6                                              46.33146271752128
72.89999999999999                                 46.25709624980384
73.2                                              46.18245884839949
73.5                                              46.10834002675429
73.8                                              46.035457680289404
74.1                                              45.96431814868643
74.39999999999999                                 45.895281142739364
74.7                                              45.828845364700626
75                                                45.76520351648369
75.3                                              45.70418091184873
75.6                                              45.64610882880481
75.89999999999999                                 45.5907985564916
76.2                                              45.53821216674618
76.5                                              45.487914409409896
76.8                                              45.43839629004707
77.1                                              45.38026564289946
77.39999999999999                                 44.51858526365974
77.7                                              44.8822341137446
78                                                45.17039137653057
78.3                                              45.04638209502073
78.6                                              45.11473335663727
78.89999999999999                                 45.15450683105919
79.2                                              45.15894949274827
79.5                                              45.14826209755196
79.8                                              45.13067566611204
80.1                                              45.11402473197505
80.39999999999999                                 45.096736119794194
80.7                                              45.08138770111573
81                                                45.06806117686929
81.3                                              45.056180899964254
81.6                                              45.0469726812466
81.89999999999999                                 45.037538360089044
82.2                                              45.03152474853277
82.5                                              45.02638846958203
82.8                                              45.02371534936821
83.1                                              45.02157383539432
83.39999999999999                                 45.02210460732675
83.7                                              45.023176506404496
84                                                45.02660693206881
84.3                                              45.02917090090748
84.6                                              45.03577642990859
84.89999999999999                                 45.04294003515697
85.2                                              45.05428673690743
85.5                                              45.064211314674324
85.8                                              45.07719283390194
86.1                                              45.09102788789785
86.39999999999999                                 45.10671705690369
86.7                                              45.123011392405274
87                                                45.141192976928096
87.3                                              45.16207670473907
87.6                                              45.18183031489897
87.89999999999999                                 45.19954086819602
88.2                                              45.20720688548438
88.5                                              45.4775353565282
88.8                                              44.42744196792515
89.1                                              46.25896857017749
89.39999999999999                                 45.368965846641444
89.7                                              45.457532374372825
90                                                45.48595842786903
90.3                                              45.52170873436202
90.6                                              45.55784903310708
90.89999999999999                                 45.604952239697376
91.2                                              45.647794101124106
91.5                                              45.699410590540694
91.8                                              45.75106044937723
92.1                                              45.80820183073036
92.39999999999999                                 45.86922690566417
92.7                                              45.928342947802534
93                                                45.99534904456515
93.3                                              46.06477225276837
93.6                                              46.13912592167494
93.89999999999999                                 46.21547009313447
94.2                                              46.29587118366794
94.5                                              46.3792627108547
94.8                                              46.469319825831974
95.1                                              46.56543353129613
95.39999999999999                                 46.6625159141416
95.69999999999999                                 46.812720826928384
96                                                46.87723876013014
96.3                                              47.00596368140613
96.6                                              47.128239390735814
96.89999999999999                                 47.25860300936419
97.19999999999999                                 47.39816820444076
97.5                                              47.54536207809886
97.8                                              47.70672827028001
98.1                                              47.868005180637816
98.39999999999999                                 48.04989536219239
98.69999999999999                                 48.23822989693221
99                                                48.44126768360187
99.3                                              48.66089187090341
99.6                                              48.8921783728688
99.89999999999999                                 49.147117914583774
100.19999999999999                                49.42000844058131
100.5                                             49.70914547419638
100.8                                             50.03010586949134
101.1                                             50.37141070872461
101.39999999999999                                50.72936499425023
101.69999999999999                                51.10116730596833
102                                               51.4342746131549
102.3                                             51.51662749494437
102.6                                             49.61070553450554
102.89999999999999                                51.127084647326164
103.19999999999999                                54.635054301153296
103.5                                             55.64079367648594
103.8                                             55.32193030798463
104.1                                             54.71029267302923
104.39999999999999                                53.737918020143276
104.69999999999999                                52.5746555521772
105                                               50.85359996166946
105.3                                             44.235970976396146
105.6                                             47.6137025645111
105.89999999999999                                38.8770091109993
106.19999999999999                                40.00462027049774
106.5                                             42.750839059750625
106.8                                             46.09080117472136
107.1                                             51.118305666008
107.39999999999999                                54.86055890433186
107.69999999999999                                50.408638642716895
108                                               48.81526705546686
108.3                                             47.94879580679515
108.6                                             47.37189027288085
108.89999999999999                                46.93698805219452
109.19999999999999                                46.576212068029804
109.5                                             46.26387801281445
109.8                                             45.97937528882582
110.1                                             45.718406721208204
110.39999999999999                                45.47449532721264
110.69999999999999                                45.25182017227513
111                                               45.05888864945131
111.3                                             44.96339976590672
111.6                                             44.62744770290472
111.89999999999999                                41.15583279131514
112.19999999999999                                44.34146895191196
112.5                                             43.156598677169654
112.8                                             43.2290444733474
113.1                                             43.28520591902149
113.39999999999999                                43.527508230816935
113.69999999999999                                44.23112403115432
114                                               40.794686600344846
114.3                                             42.99056936445339
114.6                                             41.62673434263227
114.89999999999999                                42.400676323534995
115.19999999999999                                42.30195304423252
115.5                                             42.1742107001025
115.8                                             42.04193921471153
116.1                                             41.915898367234036
116.39999999999999                                41.794409525142
116.69999999999999                                41.677173165593985
117                                               41.564347846033456
117.3                                             41.456900178024995
117.6                                             41.35501148024491
117.89999999999999                                41.260474112901385
118.19999999999999                                41.17379029447648
118.5                                             41.09610187086123
118.8                                             41.02911709856657
119.1                                             40.97499668170215
119.39999999999999                                40.93496792908191
119.69999999999999                                40.91282082202564
120                                               40.911816694992524
120.3                                             40.93708607102048
120.6                                             40.99484537241372
120.89999999999999                                41.09420813355947
121.19999999999999                                41.247324749165095
121.5                                             41.47044135258465
121.8                                             41.78305255382004
122.1                                             42.19551025159029
122.39999999999999                                42.604934642232976
122.69999999999999                                41.828830739764086
123                                               39.68435259854047
123.3                                             48.40046482285916
123.6                                             42.493584929383545
123.89999999999999                                40.858740456741856
124.19999999999999                                39.027359289178115
124.5                                             37.63486270629958
124.8                                             36.53338930021756
125.1                                             35.68385299075778
125.39999999999999                                35.04662224975032
125.69999999999999                                34.57906517784255
126                                               34.23861383379767
126.3                                             33.98693705857165
126.6                                             33.794252657012926
126.89999999999999                                33.63759741677838
127.19999999999999                                33.4978207787871
127.5                                             33.33945398864688
127.8                                             31.431845319881106
128.1                                             33.61267018339517
128.4                                             32.90489033188835
128.7                                             33.345415466740306
129                                               32.3158034914137
129.29999999999998                                32.70899889713262
129.6                                             32.635025686234286
129.9                                             31.764056107705954
130.2                                             32.243595660829506
130.5                                             32.34235669678601
130.79999999999998                                32.08748441174685
131.1                                             31.933727142620928
131.4                                             31.774748314374047
131.7                                             31.57481555849994
132                                               30.60086992039964
132.29999999999998                                29.397762461506453
132.6                                             30.808162382857965
132.9                                             30.91735766809933
133.2                                             30.834573200650254
133.5                                             30.662262901133374
133.79999999999998                                30.48318599542721
134.1                                             30.30156232390474
134.4                                             30.117089875102163
134.7                                             29.930509585117562
135                                               29.742592917505263
135.29999999999998                                29.554178259384514
135.6                                             29.366283800318136
135.9                                             29.180099851901552
136.2                                             28.997055865116323
136.5                                             28.818796406344298
136.79999999999998                                28.64719959828287
137.1                                             28.484259037102092
137.4                                             28.331079107326023
137.7                                             28.15855271927553
138                                               28.11194079560447
138.29999999999998                                28.30716525108986
138.6                                             27.22239369592605
138.9                                             27.64739103754914
139.2                                             27.62844992796117
139.5                                             27.130685625695623
139.79999999999998                                27.671694458989503
140.1                                             27.65111777985025
140.4                                             27.644119955301946
140.7                                             27.676262289082466
141                                               27.729378255657497
141.29999999999998                                27.79313689901751
141.6                                             27.86766889090332
141.9                                             27.974169990945228
142.2                                             28.044029596590534
142.5                                             28.111939577473738
142.79999999999998                                28.23063789715126
143.1                                             28.329612348119593
143.4                                             28.435693887483126
143.7                                             28.54280381265201
144                                               28.65089482129211
144.29999999999998                                28.7595871493065
144.6                                             28.55923065002465
144.9                                             28.40316565654949
145.2                                             29.082187800817813
145.5                                             29.187237836636427
145.79999999999998                                28.69509553757974
146.1                                             29.39671304762718
146.4                                             29.505029124950532
146.7                                             29.633084685564537
147                                               29.876737860888905
147.29999999999998                                29.469149236762775
147.6                                             29.192146070064258
147.9                                             30.22582547789319
148.2                                             30.279586452100148
148.5                                             30.073988215973877
148.79999999999998                                30.17029466721604
149.1                                             30.253825799559593
149.4                                             30.32842854573081
149.7                                             30.401397082452046
150                                               30.471942317165134
150.29999999999998                                30.53995602352833
150.6                                             30.605424343574384
150.9                                             30.667640394455788
151.2                                             30.725108391658786
151.5                                             30.771522389737886
151.79999999999998                                30.77207813227488
152.1                                             30.736725163108794
152.4                                             30.807071922045758
152.7                                             30.962577186261786
153                                               30.799432084506513
153.29999999999998                                30.427333744214323
153.6                                             30.4661517878561
153.9                                             31.219406881934372
154.2                                             31.285999958758566
154.5                                             31.35058389613256
154.79999999999998                                31.489823108947512
155.1                                             32.88379663252832
155.4                                             31.34460202014905
155.7                                             31.43767210523449
156                                               31.478462991459992
156.29999999999998                                31.45717470105634
156.6                                             31.42854688368743
156.9                                             31.624832781271692
157.2                                             30.938267679343994
157.5                                             31.58797252889505
157.79999999999998                                31.661339641571796
158.1                                             31.674750017323923
158.4                                             31.688794765152576
158.7                                             31.70606980028905
159                                               31.722701077834014
159.29999999999998                                31.518886935679152
159.6                                             31.112715622409862
159.9                                             31.782289400272887
160.2                                             31.767455148120828
160.5                                             31.759597368368958
160.79999999999998                                31.763072834788186
161.1                                             31.76114370056366
161.4                                             31.726642136726106
161.7                                             31.14886207140056
162                                               31.70135865137597
162.29999999999998                                31.654109470399305
162.6                                             31.67433187526607
162.9                                             31.63852103616575
163.2                                             31.626182210258516
163.5                                             31.54028227749812
163.79999999999998                                31.18547674347277
164.1                                             31.63419492585305
164.4                                             31.686161335009526
164.7                                             31.429149500866714
165                                               31.323000965935442
165.29999999999998                                31.39318190679203
165.6                                             31.284924177719287
165.9                                             31.19006059252586
166.2                                             31.10925585849389
166.5                                             31.012595623035352
166.79999999999998                                30.904259776744347
167.1                                             30.773827972845368
167.4                                             30.580041421687675
167.7                                             31.060069006687954
168                                               30.089463125111912
168.29999999999998                                29.332065957031954
168.6                                             29.701675080114484
168.9                                             29.781429054323358
169.2                                             30.26677428867297
169.5                                             29.83327805581095
169.79999999999998                                32.424207968631514
170.1                                             29.88791855600634
170.4                                             29.598424942824956
170.7                                             30.50983424885937
171                                               29.976522477498065
171.29999999999998                                29.00444564509844
171.6                                             29.540945636276188
171.9                                             29.80479456339051
172.2                                             30.8488244997892
172.5                                             30.470863590309488
172.79999999999998                                31.068007217228875
173.1                                             29.83266830384952
173.4                                             31.61644664855345
173.7                                             31.190170578386237
174                                               31.216323959712543
174.29999999999998                                32.09939180326674
174.6                                             31.95452084017971
174.9                                             33.201286351070706
175.2                                             33.38961903321429
175.5                                             34.47779419249973
175.79999999999998                                32.211274213887975
176.1                                             32.88994741953416
176.4                                             34.256535411650326
176.7                                             36.752395336096214
177                                               36.02632549644988
177.29999999999998                                37.01543327804012
177.6                                             36.34235688762231
177.9                                             37.33363721660162
178.2                                             35.3645949541787
178.5                                             36.95072158217173
178.79999999999998                                34.111084877276625
179.1                                             34.5198437182719
179.4                                             35.41161912603487
179.7                                             35.797965380912906
180                                               36.43052817439303
180.29999999999998                                35.94731439665351
180.6                                             38.39016003789082
180.9                                             32.42488397084316
181.2                                             35.82572612485184
181.5                                             37.04025360614432
181.79999999999998                                38.667580519746345
182.1                                             36.944439549518684
182.4                                             36.38467543546834
182.7                                             29.999881164226387
183                                               39.63243486205485
183.29999999999998                                35.92282855153526
183.6                                             34.63245940519226
183.9                                             35.73912686412486
184.2                                             33.19062910223466
184.5                                             33.751573454351714
184.79999999999998                                37.15697090106772
185.1                                             36.18680183387823
185.4                                             34.77207243198477
185.7                                             35.15319571166234
186                                               35.11907515152356
186.29999999999998                                35.217678352146756
186.6                                             35.58496868355952
186.9                                             36.203690696045705
187.2                                             37.13865060935865
187.5                                             38.54008461164105
187.79999999999998                                36.23647889861874
188.1                                             39.9246260561027
188.4                                             41.38482972388247
188.7                                             41.692770779938044
189                                               39.44474819684767
189.29999999999998                                36.53846854930056
189.6                                             35.070252006898734
189.89999999999998                                34.25925483965202
190.2                                             41.41886545764379
190.5                                             34.594069836780946
190.79999999999998                                29.56815034800796
191.1                                             33.396961620244255
191.39999999999998                                33.862408336835294
191.7                                             34.4993764948689
192                                               32.85303531990526
192.29999999999998                                32.55168271032172
192.6                                             31.354835107331617
192.89999999999998                                33.06323017886226
193.2                                             32.488641021116585
193.5                                             30.92415971547565
193.79999999999998                                35.77889110383331
194.1                                             30.63001996718052
194.39999999999998                                30.88104808434484
194.7                                             29.53492565926744
195                                               30.12433085980699
195.29999999999998                                35.541204941000764
195.6                                             29.258781583774894
195.89999999999998                                30.69330330599954
196.2                                             32.95841121148022
196.5                                             30.664274052166064
196.79999999999998                                29.76522205025443
197.1                                             30.6674576988692
197.39999999999998                                29.45865281955893
197.7                                             29.191422748891384
198                                               32.42360711140347
198.29999999999998                                29.407730058911735
198.6                                             28.1507519417885
198.89999999999998                                25.100174551857698
199.2                                             31.337765779060433
199.5                                             29.081344747805545
199.79999999999998                                29.463939627700224
200.1                                             29.025506815983295
200.39999999999998                                26.058974621037798
200.7                                             28.372507311708173
201                                               24.89530685707969
201.29999999999998                                27.87776203150579
201.6                                             25.872494916154626
201.89999999999998                                24.064470172576637
202.2                                             27.18891948770692
202.5                                             25.802976569024004
202.79999999999998                                26.22849315746477
203.1                                             25.44394597566571
203.39999999999998                                24.636485507460076
203.7                                             25.690853949298145
204                                               24.394651601347682
204.29999999999998                                24.68371781014318
204.6                                             23.66317584630421
204.89999999999998                                22.51469276006782
205.2                                             23.822018469936044
205.5                                             23.635360532769116
205.79999999999998                                22.084546955788742
206.1                                             21.500027335582228
206.39999999999998                                21.7115889116295
206.7                                             20.931318232511664
207                                               20.801379145158787
207.29999999999998                                20.790714452667313
207.6                                             20.928781068092334
207.89999999999998                                21.04154311186475
208.2                                             20.705574914668
208.5                                             20.229855368776764
208.79999999999998                                21.244865012051825
209.1                                             20.710377205615103
209.39999999999998                                21.295765199737716
209.7                                             21.00161982926052
210                                               20.641802414301544
210.29999999999998                                20.837102280170647
210.6                                             22.416769010438532
210.89999999999998                                24.269281307696723
211.2                                             23.095849615616043
211.5                                             20.017058088856427
211.79999999999998                                23.280098828875285
212.1                                             21.391962803660206
212.39999999999998                                20.463108412133444
212.7                                             19.1769479022966
213                                               19.01601774722407
213.29999999999998                                18.794682464153855
213.6                                             19.76355084970597
213.89999999999998                                19.58308555127591
214.2                                             16.793900916519917
214.5                                             16.722660403923626
214.79999999999998                                16.196179088322225
215.1                                             16.452379366673995
215.39999999999998                                16.29238374211277
215.7                                             16.895632440739227
216                                               17.04625795562387
216.29999999999998                                17.565865245862273
216.6                                             17.66102560757958
216.89999999999998                                20.04247932802274
217.2                                             19.931040370524677
217.5                                             20.20923282831408
217.79999999999998                                20.203899164797583
218.1                                             21.05517488490653
218.39999999999998                                20.016370707765713
218.7                                             17.184433868796532
219                                               18.310720875727966
219.29999999999998                                21.042796321849657
219.6                                             15.957036923381649
219.89999999999998                                21.944955280859233
220.2                                             20.62975469847998
220.5                                             23.5156107540025
220.79999999999998                                27.81871914990928
221.1                                             26.762679442702986
221.39999999999998                                35.74074371287745
221.7                                             38.22589077394256
222                                               31.141827159402506
222.29999999999998                                28.577087696632514
222.6                                             27.845574311427768
222.89999999999998                                26.662906810081886
223.2                                             25.94271987768497
223.5                                             25.52531614489844
223.79999999999998                                24.80286180821089
224.1                                             24.353771704543227
224.39999999999998                                24.15680291460348
224.7                                             23.918992064719554
225                                               23.784799637831494
225.29999999999998                                23.740059206553013
225.6                                             23.57824314744292
225.89999999999998                                23.492903408614726
226.2                                             23.344542426932723
226.5                                             23.34755075781655
226.79999999999998                                23.309515344826977
227.1                                             23.300796543743935
227.39999999999998                                23.2819722109198
227.7                                             22.65233619990429
228                                               22.901150053177997
228.29999999999998                                23.168718753996437
228.6                                             22.92406105033599
228.89999999999998                                23.093410186071463
229.2                                             23.08222322615105
229.5                                             22.80700697744226
229.79999999999998                                22.359451457004962
230.1                                             22.439805679431405
230.39999999999998                                22.650481708924698
230.7                                             22.19014520197769
231                                               22.636499448721658
231.29999999999998                                22.08733526263022
231.6                                             22.304923555109365
231.89999999999998                                22.27522974278577
232.2                                             21.981721711872076
232.5                                             22.204020837445707
232.79999999999998                                21.7838511642856
233.1                                             21.632619743306066
233.39999999999998                                21.25028035123842
233.7                                             21.154217721576064
234                                               20.65356814813992
234.29999999999998                                20.576620024289177
234.6                                             20.444767584306174
234.89999999999998                                20.464832956099727
235.2                                             18.89498523857409
235.5                                             18.7914045754358
235.79999999999998                                19.19911587729993
236.1                                             19.574332867318002
236.39999999999998                                19.845313596505804
236.7                                             19.656189922901323
237                                               20.136966215795788
237.29999999999998                                21.832958478283114
237.6                                             22.798294613399758
237.89999999999998                                22.317933200127396
238.2                                             23.26825846406747
238.5                                             22.769822092631532
238.79999999999998                                23.963203743818738
239.1                                             24.991973797324313
239.39999999999998                                23.73708475811432
239.7                                             29.030181892940554
240                                               25.337090226330194
240.29999999999998                                22.634447047122826
240.6                                             25.644734214233054
240.89999999999998                                27.304912191965244
241.2                                             27.91000190069446
241.5                                             31.70575906350458
241.79999999999998                                31.370224431037407
242.1                                             29.975235463228643
242.39999999999998                                36.85978613103354
242.7                                             31.122334579431232
243                                               26.71792852924108
243.29999999999998                                41.09182224748941
243.6                                             30.39023168800339
243.89999999999998                                29.539109871495192
244.2                                             32.404341379561814
244.5                                             30.439484496518695
244.79999999999998                                31.391513594701365
245.1                                             34.42103625768047
245.39999999999998                                32.82999916824358
245.7                                             34.671755568486105
246                                               35.92399516161015
246.29999999999998                                35.40442696227594
246.6                                             31.906032227949062
246.89999999999998                                32.81035757290918
247.2                                             33.206897596292876
247.5                                             31.285691474474294
247.79999999999998                                32.58954656776613
248.1                                             35.060363814830325
248.39999999999998                                30.44386476912194
248.7                                             31.057537376798244
249                                               29.841214393389524
249.29999999999998                                29.993180996515143
249.6                                             30.890875920757136
249.89999999999998                                31.52926321508304
250.2                                             31.45424289110968
250.5                                             31.57862664469111
250.79999999999998                                30.65993658786715
251.1                                             31.215163441350366
251.39999999999998                                30.570478110887485
251.7                                             30.165633228023232
252                                               29.931570213107
252.29999999999998                                30.160578631261302
252.6                                             29.82854346386597
252.89999999999998                                29.511703710526454
253.2                                             31.255545482061834
253.5                                             29.673682936999132
253.79999999999998                                29.98603282233445
254.1                                             28.87205823257507
254.39999999999998                                30.32892628497306
254.7                                             29.260217395347695
255                                               30.517417686554964
255.29999999999998                                29.859841042370185
255.6                                             30.15091937128085
255.89999999999998                                30.349570470286693
256.2                                             30.785569932916985
256.5                                             30.64422711513766
256.8                                             29.549906196269756
257.09999999999997                                28.996865458198666
257.4                                             29.776311997638764
257.7                                             29.13820052587443
258                                               29.121148783811766
258.3                                             27.975639994832452
258.59999999999997                                31.177753441117318
258.9                                             30.975514308328865
259.2                                             28.979937049183434
259.5                                             27.84512393461256
259.8                                             28.053200465723393
260.09999999999997                                30.226636292598457
260.4                                             30.004882322826045
260.7                                             30.72841634661764
261                                               30.471587290249957
261.3                                             28.399571369074113
261.59999999999997                                29.057738204635157
261.9                                             29.45686425441201
262.2                                             29.345194807056437
262.5                                             28.279776094798454
262.8                                             28.391374347247922
263.09999999999997                                27.325043287913033
263.4                                             27.779762184344463
263.7                                             28.079178913049798
264                                               27.622404793287604
264.3                                             27.626964486905
264.59999999999997                                28.912982068830964
264.9                                             35.012004467109044
265.2                                             26.75342888720332
265.5                                             28.92568244623366
265.8                                             24.670309644322916
266.09999999999997                                27.46124824608976
266.4                                             27.85093023474749
266.7                                             24.03951981922711
267                                               28.48735285777044
267.3                                             23.978771190471655
267.59999999999997                                28.67741540902348
267.9                                             28.0266439685426
268.2                                             24.725845278653637
268.5                                             24.900483018227973
268.8                                             24.1059227987696
269.09999999999997                                24.16235108756487
269.4                                             23.826566288930827
269.7                                             23.596246536587458
270                                               24.637618673774128
270.3                                             22.21938398468354
270.59999999999997                                25.208944099083716
270.9                                             18.384324869236373
271.2                                             19.95946887473415
271.5                                             27.281183894619613
271.8                                             29.39873571361002
272.09999999999997                                23.786481853330713
272.4                                             24.049733118837846
272.7                                             22.951922778841105
273                                               28.306313468594272
273.3                                             24.40686232984113
273.59999999999997                                24.32882863134024
273.9                                             23.23250650460469
274.2                                             21.29266990505525
274.5                                             23.120954886967787
274.8                                             20.054730990236983
275.09999999999997                                18.77412217955569
275.4                                             31.71371490674684
275.7                                             18.704909732997677
276                                               22.053000259093253
276.3                                             20.173171575038843
276.59999999999997                                21.25563108478002
276.9                                             20.49941872259739
277.2                                             21.120524295447098
277.5                                             20.937608609792523
277.8                                             20.549160503217045
278.09999999999997                                21.08407050828116
278.4                                             22.16884008196383
278.7                                             22.16956404093643
279                                               21.129169259625698
279.3                                             22.670182041711545
279.59999999999997                                21.539075168655387
279.9                                             23.29080043090956
280.2                                             21.341083639883955
280.5                                             20.497711274472692
280.8                                             20.48958127343374
281.09999999999997                                22.24838781588762
281.4                                             20.521786091826296
281.7                                             21.286705226506648
282                                               21.34288984880525
282.3                                             22.98990525196095
282.59999999999997                                20.466277450578026
282.9                                             20.92812945985513
283.2                                             20.14776400394647
283.5                                             20.239769814403953
283.8                                             19.297495586225434
284.09999999999997                                19.171608911478323
284.4                                             18.769030818283547
284.7                                             19.035952112929312
285                                               19.020693404901447
285.3                                             17.891284791846708
285.59999999999997                                16.844999643955635
285.9                                             15.70565998796097
286.2                                             15.765992271638144
286.5                                             14.86599081685503
286.8                                             15.23085803061121
287.09999999999997                                14.778288439655377
287.4                                             14.04684132005629
287.7                                             15.096496680246723
288                                               16.580039714708747
288.3                                             16.57075273072938
288.59999999999997                                16.64933753547818
288.9                                             19.234389637837655
289.2                                             19.74448983270798
289.5                                             22.12687781006357
289.8                                             21.45186177519615
290.09999999999997                                24.586789150581172
290.4                                             21.552917519549926
290.7                                             20.125959216257133
291                                               20.233653885125634
291.3                                             18.940219460151106
291.59999999999997                                18.141311144754305
291.9                                             17.599373070903532
292.2                                             17.235071948920336
292.5                                             16.170298054242107
292.8                                             13.157630212106127
293.09999999999997                                11.033351630999471
293.4                                             12.636960200574464
293.7                                             17.64302876170393
294                                               19.98495474612451
294.3                                             23.55228434024258
294.59999999999997                                19.262548774925527
294.9                                             18.54446030435764
295.2                                             18.249727338867338
295.5                                             16.712476536968627
295.8                                             15.679155128287869
296.09999999999997                                17.268705272229973
296.4                                             15.832151918599964
296.7                                             14.390291733145508
297                                               15.226757685363088
297.3                                             14.950725389927106
297.59999999999997                                14.929960023647892
297.9                                             14.94794150258912
298.2                                             14.907006508887035
298.5                                             15.077590011727304
298.8                                             14.769953079684495
299.09999999999997                                14.597461288257591
299.4                                             14.509401849162346
299.7                                             14.45277530585824
300                                               14.404372617031553
