% Model:              bicon_box_orientation_11.14.20.mph
% Version:            COMSOL 5.4.0.388
% Date:               Nov 15 2020, 08:54
% Table:              Table 4 - Antenna Factor (10*log10(1/(abs(emw.Vport_1))))
% freq (MHz)                                      Antenna Factor
10                                                43.529249901932666
10.299999999999999                                43.39268799286106
10.6                                              43.226536006495415
10.9                                              43.07260946122482
11.2                                              42.92887626729645
11.5                                              42.79369890747066
11.799999999999999                                42.65412545283919
12.1                                              42.53884337945621
12.399999999999999                                42.4332576005596
12.7                                              42.33466701170769
13                                                42.241093005362906
13.299999999999999                                42.151079377782246
13.6                                              42.06355837250892
13.899999999999999                                41.97774822165137
14.2                                              41.96319999780842
14.5                                              41.86574793582892
14.799999999999999                                41.76990347615532
15.1                                              41.67390480858586
15.399999999999999                                41.628134376234314
15.7                                              41.53216024564017
16                                                41.43707658928417
16.3                                              41.33552756484014
16.599999999999998                                41.24959856607725
16.9                                              41.16357600271485
17.2                                              41.07727641889361
17.5                                              40.99069958128009
17.8                                              40.903833314794895
18.099999999999998                                40.81667114745624
18.4                                              40.729211088376616
18.7                                              40.64145486492678
19                                                40.5534076900493
19.3                                              40.465077108829995
19.599999999999998                                40.376472438688154
19.9                                              40.28760482570252
20.2                                              40.19848604758472
20.5                                              40.1091290702052
20.8                                              40.01954703502805
21.099999999999998                                39.92975375807437
21.4                                              39.83976273158256
21.7                                              39.74958777609266
22                                                39.65924235687047
22.3                                              39.56873965566514
22.599999999999998                                39.47809189546875
22.9                                              39.38731274135513
23.2                                              39.29641355968142
23.5                                              39.205405630773015
23.799999999999997                                39.114299420846145
24.099999999999998                                39.023106178615656
24.4                                              38.93183441573278
24.7                                              38.84049358733704
25                                                38.74909185673995
25.299999999999997                                38.65763711719923
25.599999999999998                                38.56613616005021
25.9                                              38.47459592941936
26.2                                              38.38302188525652
26.5                                              38.291419358998425
26.799999999999997                                38.199793103806
27.099999999999998                                38.108147156580564
27.4                                              38.0164851107369
27.7                                              37.92480985226361
28                                                37.83312399343234
28.299999999999997                                37.74142940056211
28.599999999999998                                37.649727588071705
28.9                                              37.558019561319995
29.2                                              37.46630582945559
29.5                                              37.37458648442042
29.799999999999997                                37.282861194160915
30.099999999999998                                37.1911292246374
30.4                                              37.099389368716295
30.7                                              37.0076401760948
31                                                36.91587968603143
31.299999999999997                                36.82410566832858
31.599999999999998                                36.73231547190615
31.9                                              36.640506198984696
32.199999999999996                                36.5486745236679
32.5                                              36.456816934416764
32.8                                              36.36492949361789
33.1                                              36.27300801747065
33.4                                              36.181048093385776
33.699999999999996                                36.0890449043279
34                                                35.9969934592605
34.3                                              35.90488843961715
34.6                                              35.81272435736741
34.9                                              35.720495331504935
35.199999999999996                                35.62819535348996
35.5                                              35.535818097344595
35.8                                              35.44335701289812
36.1                                              35.35080530147824
36.4                                              35.25815588650721
36.699999999999996                                35.165401554227735
37                                                35.086607630008196
37.3                                              34.99628503023829
37.6                                              34.900420004908106
37.9                                              34.80794148632789
38.199999999999996                                34.714379982023885
38.5                                              34.60557683359306
38.8                                              34.511542185286984
39.1                                              34.41785332316115
39.4                                              34.3239304820674
39.699999999999996                                34.22978042832651
40                                                34.13540615611106
40.3                                              34.04080446856981
40.6                                              33.945969244760235
40.9                                              33.85089236105371
41.199999999999996                                33.76868825850941
41.5                                              33.65900996856011
41.8                                              33.56282237410444
42.1                                              33.466917255581706
42.4                                              33.370662450496035
42.699999999999996                                33.27405887338819
43                                                33.177106886129465
43.3                                              33.079801741782646
43.6                                              32.98213501533611
43.9                                              32.88409610075267
44.199999999999996                                32.79823135521936
44.5                                              32.68605826667574
44.8                                              32.586424611818074
45.1                                              32.486986253859726
45.4                                              32.38706042300616
45.699999999999996                                32.286638655121536
46                                                32.18571615046717
46.3                                              32.08428333782002
46.6                                              31.982327131381638
46.9                                              31.891935880010234
47.199999999999996                                31.776119033770946
47.5                                              31.67203097646762
47.8                                              31.56802042275904
48.099999999999994                                31.463355375982168
48.4                                              31.35801823697807
48.699999999999996                                31.251998187387695
49                                                31.145279794405933
49.3                                              31.04950225112089
49.599999999999994                                30.929104264170686
49.9                                              30.81965682576938
50.199999999999996                                30.71013433023396
50.5                                              30.59975840944975
50.8                                              30.488502529863773
51.099999999999994                                30.376349307288102
51.4                                              30.263276391884947
51.699999999999996                                30.16017984637472
52                                                30.03377963942441
52.3                                              29.917248215224866
52.599999999999994                                29.800407974082184
52.9                                              29.68245170652564
53.199999999999996                                29.56334278010739
53.5                                              29.443055850670824
53.8                                              29.331265608502974
54.099999999999994                                29.198388377780525
54.4                                              29.073855444386044
54.699999999999996                                28.94871256974969
55                                                28.822154731382096
55.3                                              28.69413893984091
55.599999999999994                                28.56463409633067
55.9                                              28.44050315684234
56.199999999999996                                28.300604522704027
56.5                                              28.16603773626938
56.8                                              28.030371503984473
57.099999999999994                                27.892940534964772
57.4                                              27.753706282089247
57.699999999999996                                27.61264076279399
58                                                27.469475978135108
58.3                                              27.324441590222854
58.599999999999994                                27.177896732098716
58.9                                              27.02931461191772
59.199999999999996                                26.878620623018705
59.5                                              26.725788860068786
59.8                                              26.570758181001306
60.099999999999994                                26.39491980516503
60.4                                              26.253770747757372
60.699999999999996                                26.092164083792593
61                                                25.92495019980628
61.3                                              25.752983448534348
61.599999999999994                                25.57403913121439
61.9                                              25.384754668864872
62.199999999999996                                25.21225483542429
62.5                                              25.028504509780497
62.8                                              24.791470942117016
63.099999999999994                                24.712685718014193
63.4                                              24.29503849628778
63.699999999999996                                23.837415911273936
64                                                24.00640596756045
64.3                                              23.483254556410174
64.6                                              23.688155782305643
64.89999999999999                                 22.875108761778566
65.2                                              23.852026632338674
65.5                                              23.44488560737843
65.8                                              21.537205095431375
66.1                                              22.924940724283452
66.39999999999999                                 23.062432897567533
66.7                                              23.44415160667983
67                                                23.629147402914874
67.3                                              22.828356530136386
67.6                                              21.860250614361355
67.89999999999999                                 21.60370521636341
68.2                                              21.90808433706041
68.5                                              22.07973572602771
68.8                                              21.955255708099806
69.1                                              21.997464653139808
69.39999999999999                                 22.060683978733092
69.7                                              22.12152751794156
70                                                22.198259644652442
70.3                                              22.328434733225183
70.6                                              22.372389772937723
70.89999999999999                                 22.485463234470284
71.2                                              22.59624857640099
71.5                                              22.712536988199503
71.8                                              22.83221670183526
72.1                                              22.959811130340903
72.39999999999999                                 23.075825841546674
72.7                                              23.202280308545266
73                                                23.327292666605327
73.3                                              23.451815307103104
73.6                                              23.575370254069274
73.89999999999999                                 23.692036480137837
74.2                                              23.816296898312096
74.5                                              23.93683224680949
74.8                                              24.054623219669672
75.1                                              24.170139378406216
75.39999999999999                                 24.28347840025797
75.7                                              24.388690572220973
76                                                24.501177574946414
76.3                                              24.60955763809952
76.6                                              24.7152094183862
76.89999999999999                                 24.81884466330336
77.2                                              24.924213676396015
77.5                                              25.015870494336824
77.8                                              25.12334581925446
78.1                                              25.211860738901773
78.39999999999999                                 25.30516888498827
78.7                                              25.397245374067726
79                                                25.490184590782352
79.3                                              25.573975583397846
79.6                                              25.66254559311271
79.89999999999999                                 25.749602527915503
80.2                                              25.835020661018003
80.5                                              25.919110049464862
80.8                                              26.01197203442945
81.1                                              26.081194734674504
81.39999999999999                                 26.162795498138486
81.7                                              26.24384616324463
82                                                26.32375523953618
82.3                                              26.402814898371467
82.6                                              26.50097500365748
82.89999999999999                                 26.556187992966404
83.2                                              26.633667514827216
83.5                                              26.71178100181003
83.8                                              26.789231995583435
84.1                                              26.866296465801767
84.39999999999999                                 26.97700620955552
84.7                                              27.017007914272632
85                                                27.0929407884364
85.3                                              27.17121368991303
85.6                                              27.249293853922644
85.89999999999999                                 27.32742496251489
86.2                                              27.461623920806986
86.5                                              27.481877836994073
86.8                                              27.558122595887703
87.1                                              27.639614151582563
87.39999999999999                                 27.721391393265158
87.7                                              27.803635572366545
88                                                27.979131154399894
88.3                                              28.068320393778365
88.6                                              28.179746758922022
88.89999999999999                                 28.233932432525087
89.2                                              28.230474674318124
89.5                                              28.304917815516063
89.8                                              28.57169196366857
90.1                                              28.488189633672757
90.39999999999999                                 28.54774744898031
90.7                                              28.63454617269174
91                                                28.722659761032943
91.3                                              28.80932169377056
91.6                                              29.29855331363259
91.89999999999999                                 29.018355539738423
92.2                                              29.01838782063946
92.5                                              29.137806231052803
92.8                                              29.292298896686006
93.1                                              29.466126788279183
93.39999999999999                                 29.666713492852054
93.7                                              30.314489084899133
94                                                29.53624114546001
94.3                                              30.54324421589062
94.6                                              30.902027014481675
94.89999999999999                                 30.05866439058972
95.19999999999999                                 32.462531613907814
95.5                                              29.733693277612016
95.8                                              30.88195482590445
96.1                                              33.589637975912886
96.39999999999999                                 28.719214708024218
96.69999999999999                                 31.344840639812052
97                                                29.26177878776428
97.3                                              30.67804093293709
97.6                                              30.284904147018402
97.89999999999999                                 31.26750480400187
98.19999999999999                                 29.748685471221734
98.5                                              34.61589639229124
98.8                                              31.069073686464122
99.1                                              29.25786485796836
99.39999999999999                                 28.616734853084456
99.69999999999999                                 31.762530810897182
100                                               29.68352066595289
100.3                                             28.663792737271528
100.6                                             28.15334711552266
100.89999999999999                                30.395519225203444
101.19999999999999                                29.04436767664576
101.5                                             26.77908588825201
101.8                                             28.713451832093362
102.1                                             26.393283208023334
102.39999999999999                                30.866961440763887
102.69999999999999                                27.93981376919461
103                                               27.037092383555056
103.3                                             28.262026594933495
103.6                                             38.736882883337245
103.89999999999999                                31.527334656562928
104.19999999999999                                33.385687945475475
104.5                                             32.137399892522005
104.8                                             32.781129788647185
105.1                                             32.09345383589559
105.39999999999999                                32.10598404029734
105.69999999999999                                31.251922251901206
106                                               31.23547103783354
106.3                                             31.390338194931637
106.6                                             31.019487658252466
106.89999999999999                                30.92744735068587
107.19999999999999                                30.712570145492947
107.5                                             30.551492929194467
107.8                                             30.37536122812027
108.1                                             30.24028965232983
108.39999999999999                                30.10119248684196
108.69999999999999                                29.9704172951825
109                                               29.84449175120192
109.3                                             29.726237490145962
109.6                                             29.613877151350625
109.89999999999999                                29.502744251069835
110.19999999999999                                29.399615278331872
110.5                                             29.312149718831563
110.8                                             29.22134069142526
111.1                                             29.13030932350579
111.39999999999999                                29.051049025540067
111.69999999999999                                28.97704026534535
112                                               28.91139521468006
112.3                                             28.858643248889297
112.6                                             28.789120301535508
112.89999999999999                                28.727244415624902
113.19999999999999                                28.67397859439809
113.5                                             28.617544715344557
113.8                                             28.54894172348815
114.1                                             28.545479655474665
114.39999999999999                                28.504829241995964
114.69999999999999                                28.453319881709135
115                                               28.43695428202885
115.3                                             28.429482142159674
115.6                                             28.417180776536803
115.89999999999999                                28.4076085724288
116.19999999999999                                28.405442977580474
116.5                                             28.409297736122664
116.8                                             28.413607123806194
117.1                                             28.40977434835179
117.39999999999999                                28.44593098160591
117.69999999999999                                28.499750631173093
118                                               28.554139127690696
118.3                                             28.623608061065564
118.6                                             28.702644247086766
118.89999999999999                                28.801829233971045
119.19999999999999                                28.922925057734716
119.5                                             29.071146064396665
119.8                                             29.252861193501367
120.1                                             29.448862148213408
120.39999999999999                                29.776903844267192
120.69999999999999                                30.068127372433263
121                                               30.504967550731877
121.3                                             31.07928753936128
121.6                                             31.977341785352486
121.89999999999999                                33.20648734422403
122.19999999999999                                35.27481570662629
122.5                                             41.50921047257916
122.8                                             38.4370605143645
123.1                                             31.520994105027395
123.39999999999999                                29.94442464823656
123.69999999999999                                27.966570435082325
124                                               26.736087857110682
124.3                                             25.423269692806173
124.6                                             24.18015317264455
124.89999999999999                                23.07178141455088
125.19999999999999                                22.1414731074792
125.5                                             21.40691114379991
125.8                                             20.461214081309805
126.1                                             20.15418897903796
126.39999999999999                                19.81365788603615
126.69999999999999                                19.694893677062968
127                                               20.204223432886295
127.3                                             20.029555848626423
127.6                                             20.477107049899477
127.89999999999999                                20.174457276113205
128.2                                             20.63653604194362
128.5                                             20.837118216776418
128.79999999999998                                20.849551055438774
129.1                                             20.908638376631117
129.4                                             20.963851559922627
129.7                                             20.997622501611303
130                                               21.02544450214357
130.29999999999998                                21.017765841645527
130.6                                             21.03636822502296
130.9                                             21.024231221366993
131.2                                             21.003577582619695
131.5                                             20.976198424468315
131.79999999999998                                20.94670050852789
132.1                                             20.90874989610761
132.4                                             20.857446519991804
132.7                                             20.803704143279834
133                                               20.745166390068515
133.29999999999998                                20.67763041664822
133.6                                             20.60545023533423
133.9                                             20.527356635294296
134.2                                             20.44341170804515
134.5                                             20.353645887935894
134.79999999999998                                20.258078965055407
135.1                                             20.156714355560368
135.4                                             20.04954971151289
135.7                                             19.936596759229456
136                                               19.817927248435137
136.29999999999998                                19.69379992342259
136.6                                             19.56503350849252
136.9                                             19.43364595407331
137.2                                             19.28145376728113
137.5                                             19.152918818382755
137.79999999999998                                18.992196362396488
138.1                                             18.837273753616973
138.4                                             18.674102028518092
138.7                                             18.53512162867636
139                                               18.298993154717607
139.29999999999998                                18.171927482583868
139.6                                             17.983876964973206
139.9                                             17.785597691788894
140.2                                             17.671074503298236
140.5                                             17.557178471325617
140.79999999999998                                17.443861843224536
141.1                                             17.268247426100906
141.4                                             17.154056774860425
141.7                                             17.08317592917045
142                                               17.074924478423114
142.29999999999998                                17.111820389672722
142.6                                             17.18649575022345
142.9                                             17.232893896178307
143.2                                             17.439467071691457
143.5                                             17.57323873075063
143.79999999999998                                17.490024532879588
144.1                                             18.027887869825804
144.4                                             18.331019648010937
144.7                                             18.01679405896087
145                                               18.763797209402966
145.29999999999998                                18.907199323908806
145.6                                             19.357709403628963
145.9                                             19.51071237282118
146.2                                             19.79034582403704
146.5                                             20.025712025183115
146.79999999999998                                20.260624290746453
147.1                                             20.45687708378714
147.4                                             20.733246454921023
147.7                                             20.929959872995344
148                                               21.108858687080957
148.29999999999998                                21.339243799029774
148.6                                             21.541446787349614
148.9                                             21.73203072872075
149.2                                             21.852759357423125
149.5                                             22.07151557749424
149.79999999999998                                22.31367301377916
150.1                                             22.48321738213473
150.4                                             22.599228571540326
150.7                                             22.806415956012458
151                                               23.01482314228284
151.29999999999998                                23.135554118915316
151.6                                             23.355610166085953
151.9                                             23.464411886715602
152.2                                             23.680955689340397
152.5                                             23.852871788729857
152.79999999999998                                23.768624605158642
153.1                                             24.07987083253845
153.4                                             24.24012363129238
153.7                                             24.40674815299435
154                                               24.58532436299954
154.29999999999998                                24.677103201684485
154.6                                             24.813966929176246
154.9                                             24.97960473718116
155.2                                             25.11444031335995
155.5                                             25.23149574719863
155.79999999999998                                25.39820943501023
156.1                                             25.539204879212896
156.4                                             25.65437870560951
156.7                                             25.817689524750456
157                                               25.943770639539384
157.29999999999998                                26.086301007712866
157.6                                             26.215286526307256
157.9                                             26.352530121531174
158.2                                             26.49976386161051
158.5                                             26.595870082149506
158.79999999999998                                26.759887747723916
159.1                                             26.884148297958127
159.4                                             27.06319578130296
159.7                                             27.147351361293307
160                                               27.296701555652056
160.29999999999998                                27.440148943584425
160.6                                             27.54029993918987
160.9                                             27.69878625301083
161.2                                             27.813841351092297
161.5                                             27.965718898391103
161.79999999999998                                28.054443688638102
162.1                                             28.175600537812183
162.4                                             28.43387326501719
162.7                                             28.73305329466937
163                                               28.979795600533038
163.29999999999998                                28.922395670377682
163.6                                             29.030804527867605
163.9                                             29.160232038429754
164.2                                             29.324328271117018
164.5                                             29.49065624348368
164.79999999999998                                29.63615256336578
165.1                                             29.83256693904441
165.4                                             29.959912839701207
165.7                                             30.11207649548784
166                                               30.300563150068335
166.29999999999998                                30.426398975000836
166.6                                             30.638131634081716
166.9                                             30.770705797664867
167.2                                             30.994289033071418
167.5                                             31.097432290684843
167.79999999999998                                31.335729686998842
168.1                                             31.447066260236486
168.4                                             31.359480416596583
168.7                                             31.322624532242436
169                                               39.805075215753334
169.29999999999998                                34.450912800262294
169.6                                             33.88948382293931
169.9                                             34.03858062673356
170.2                                             34.185780484517736
170.5                                             34.71455643916776
170.79999999999998                                34.8021570777552
171.1                                             35.05806360098303
171.4                                             36.78268862821575
171.7                                             36.395466230238405
172                                               33.339393968583
172.29999999999998                                36.96017309790632
172.6                                             43.508201974414234
172.9                                             32.98575072877293
173.2                                             34.68393689976898
173.5                                             45.18117710995918
173.79999999999998                                38.59225702796386
174.1                                             40.40901704279612
174.4                                             42.057006073743715
174.7                                             45.85218443726929
175                                               43.35469599933744
175.29999999999998                                41.618331419761
175.6                                             38.96237231267263
175.9                                             35.25018826109072
176.2                                             37.09857419798273
176.5                                             36.83976961842012
176.79999999999998                                36.19945069397081
177.1                                             35.89836869452175
177.4                                             35.40228455452435
177.7                                             35.04265095596172
178                                               34.29363501034264
178.29999999999998                                33.964015773262595
178.6                                             33.694308008261345
178.9                                             33.325600451059614
179.2                                             32.887059566642364
179.5                                             32.434553143912325
179.79999999999998                                32.48596869536676
180.1                                             31.976305601193303
180.4                                             31.40148420357828
180.7                                             31.332454375327355
181                                               31.22553382765082
181.29999999999998                                31.021335894039446
181.6                                             30.810399195764656
181.9                                             30.457433685077913
182.2                                             30.192579504945503
182.5                                             29.84047640574061
182.79999999999998                                29.85274131893054
183.1                                             29.411440249906317
183.4                                             29.49831296336642
183.7                                             28.98500205115162
184                                               28.75166101830647
184.29999999999998                                28.661534956934084
184.6                                             28.66301449927443
184.9                                             28.273741788408895
185.2                                             28.26176220048261
185.5                                             27.98617911195153
185.79999999999998                                27.66840774316048
186.1                                             27.371127784058373
186.4                                             26.806960274410866
186.7                                             26.752828173458177
187                                               26.39361869074034
187.29999999999998                                25.95386799088019
187.6                                             25.596563576696077
187.9                                             25.25152368360319
188.2                                             24.77787534557789
188.5                                             24.42601382719337
188.79999999999998                                23.98749827052139
189.1                                             23.39229803175851
189.39999999999998                                22.974031453318812
189.7                                             22.575901075580237
190                                               22.28625990047736
190.29999999999998                                22.246075351621766
190.6                                             21.931467235281552
190.89999999999998                                24.590160326232873
191.2                                             24.556482166485353
191.5                                             26.719810611278135
191.79999999999998                                26.127225980351053
192.1                                             26.199030414506016
192.39999999999998                                27.41595995139639
192.7                                             28.227015983090507
193                                               29.00692338532516
193.29999999999998                                29.795200902767537
193.6                                             30.890438712094294
193.89999999999998                                31.900621078134886
194.2                                             32.81176642976532
194.5                                             34.24245972876271
194.79999999999998                                36.68238958004274
195.1                                             34.560667002761186
195.39999999999998                                31.35576591895605
195.7                                             37.227748701667934
196                                               36.08615810453171
196.29999999999998                                34.4885545719462
196.6                                             34.01965474756922
196.89999999999998                                33.21478353942947
197.2                                             32.56457489976694
197.5                                             31.802628127076545
197.79999999999998                                31.264027187635385
198.1                                             30.73933352566982
198.39999999999998                                30.48197364235872
198.7                                             30.242975822550626
199                                               29.91150192729656
199.29999999999998                                29.639303362547693
199.6                                             29.34893796683332
199.89999999999998                                29.186706095493843
200.2                                             28.507632772574585
200.5                                             28.272144859224404
200.79999999999998                                28.19153685571741
201.1                                             27.886547149807747
201.39999999999998                                27.412442182170626
201.7                                             27.52441425605395
202                                               27.318005986325332
202.29999999999998                                27.044420461511788
202.6                                             26.354554188557636
202.89999999999998                                27.197943198435116
203.2                                             27.000477771528622
203.5                                             26.760197845545118
203.79999999999998                                26.493520411390527
204.1                                             26.245524029576476
204.39999999999998                                26.04410243544597
204.7                                             25.90740639599975
205                                               25.633290984716375
205.29999999999998                                25.509719166212097
205.6                                             25.30467718385345
205.89999999999998                                25.099021600652573
206.2                                             24.96205589256242
206.5                                             24.70845822285841
206.79999999999998                                24.519098358671826
207.1                                             24.24586151323195
207.39999999999998                                23.780263721943044
207.7                                             23.428175833750515
208                                               22.946073017264425
208.29999999999998                                23.007680818054254
208.6                                             22.77195244072677
208.89999999999998                                22.546487365582184
209.2                                             22.152378141294463
209.5                                             21.341826237073334
209.79999999999998                                17.755730844812167
210.1                                             25.178787704102803
210.39999999999998                                23.6595753417032
210.7                                             22.89706709234594
211                                               22.2476011240482
211.29999999999998                                21.59408639599798
211.6                                             21.184911396600373
211.89999999999998                                20.66994010677735
212.2                                             20.118450175580215
212.5                                             19.62086331286453
212.79999999999998                                18.916965627005787
213.1                                             17.85093461811818
213.39999999999998                                9.494133770567462
213.7                                             19.527903050134768
214                                               17.309561017588567
214.29999999999998                                16.340369947658328
214.6                                             15.396326143585924
214.89999999999998                                15.175652537090475
215.2                                             20.270724536711043
215.5                                             21.183829815384264
215.79999999999998                                19.35563022506047
216.1                                             17.648950572997993
216.39999999999998                                17.33033705164357
216.7                                             17.95824822481379
217                                               18.675693351852026
217.29999999999998                                19.339181937924412
217.6                                             20.414398191523805
217.89999999999998                                21.137672947850422
218.2                                             22.15637135373727
218.5                                             23.327306064466562
218.79999999999998                                25.05027018512071
219.1                                             27.321899792306887
219.39999999999998                                31.92132647012851
219.7                                             29.471719553200472
220                                               24.666449448581243
220.29999999999998                                22.38369935944254
220.6                                             20.628390513348
220.89999999999998                                19.122731190962277
221.2                                             18.152914883207824
221.5                                             17.41400249343802
221.79999999999998                                17.57441331510605
222.1                                             17.53384820807421
222.39999999999998                                18.40033034381445
222.7                                             18.677305245467178
223                                               18.932182530937784
223.29999999999998                                19.32385517267711
223.6                                             19.683151733082948
223.89999999999998                                20.05408745891458
224.2                                             20.34486476245664
224.5                                             20.57185368896411
224.79999999999998                                20.87283926248014
225.1                                             21.042490864948604
225.39999999999998                                21.382283140058
225.7                                             21.469168206864317
226                                               21.854425258819337
226.29999999999998                                21.96081706296363
226.6                                             22.124563175446784
226.89999999999998                                22.255082055166397
227.2                                             22.478026394620194
227.5                                             22.74069381696428
227.79999999999998                                22.817099692096654
228.1                                             23.036893573930346
228.39999999999998                                23.141968235215575
228.7                                             23.424916269304255
229                                               23.125397679012714
229.29999999999998                                23.666473403314747
229.6                                             23.838205074382365
229.89999999999998                                23.960506608031654
230.2                                             24.31376999067139
230.5                                             24.346367711046874
230.79999999999998                                24.752940611458033
231.1                                             24.805413474937655
231.39999999999998                                25.045211342535314
231.7                                             25.387027423197694
232                                               25.752134243306752
232.29999999999998                                26.117255359266487
232.6                                             26.473060395313652
232.89999999999998                                27.198226310438237
233.2                                             28.37418164270957
233.5                                             29.1599463911478
233.79999999999998                                30.825098541785493
234.1                                             32.78556191047667
234.39999999999998                                30.143511727346414
234.7                                             27.43304927374819
235                                               24.52714832564559
235.29999999999998                                21.685014399599215
235.6                                             18.956928442825173
235.89999999999998                                23.522993980749497
236.2                                             19.522760248982575
236.5                                             19.513642406786815
236.79999999999998                                19.858830129403206
237.1                                             20.623128006338476
237.39999999999998                                20.80190015657014
237.7                                             21.306249494221056
238                                               21.56858337858162
238.29999999999998                                21.863280650558362
238.6                                             22.136722661514554
238.89999999999998                                22.551372467177085
239.2                                             24.2741712021127
239.5                                             23.399811427029597
239.79999999999998                                24.333226532993976
240.1                                             22.27848948912348
240.39999999999998                                19.584103099952287
240.7                                             21.1459488286839
241                                               21.44376113098663
241.29999999999998                                21.787657569348376
241.6                                             22.004266698214735
241.89999999999998                                22.163296477621387
242.2                                             22.326026681831898
242.5                                             22.59170593424573
242.79999999999998                                23.27894151785623
243.1                                             25.468258920948887
243.39999999999998                                24.531684902970817
243.7                                             26.320879244510927
244                                               27.517053765036238
244.29999999999998                                26.96457262554796
244.6                                             32.24658392038267
244.89999999999998                                31.64916612213147
245.2                                             28.538079617967153
245.5                                             28.05441741277926
245.79999999999998                                27.31145498414981
246.1                                             26.49226662857076
246.39999999999998                                26.9466202938024
246.7                                             27.00912873529408
247                                               26.24665410482818
247.29999999999998                                25.964621375322366
247.6                                             26.058598613883838
247.89999999999998                                25.983362972143965
248.2                                             25.77776359990008
248.5                                             25.669346076291273
248.79999999999998                                25.5204602766062
249.1                                             25.961585117680936
249.39999999999998                                25.696472950653053
249.7                                             25.703797631556974
250                                               25.24478221847123
250.29999999999998                                25.491965226415783
250.6                                             25.52486956110385
250.89999999999998                                25.294176992989197
251.2                                             25.525090339433234
251.5                                             25.47833905939919
251.79999999999998                                25.451688958576455
252.1                                             25.52941924871831
252.39999999999998                                25.519452153418435
252.7                                             25.22339812510932
253                                               25.35798748531507
253.29999999999998                                25.336303324524025
253.6                                             25.31520818149779
253.89999999999998                                25.354730255024926
254.2                                             23.6737700642316
254.5                                             25.362981931576428
254.79999999999998                                25.187873226709673
255.1                                             25.166413250774475
255.39999999999998                                25.160120124551376
255.7                                             25.144591588537896
256                                               25.143388136607943
256.3                                             25.154573112780177
256.59999999999997                                24.867766242654675
256.9                                             25.00145114003086
257.2                                             24.98373497453921
257.5                                             25.014144278787715
257.8                                             24.944908748585743
258.09999999999997                                24.90334533190252
258.4                                             24.721710652601615
258.7                                             28.343645998044874
259                                               24.680980176718066
259.3                                             24.622777590576334
259.59999999999997                                24.660518630492373
259.9                                             24.577635948358008
260.2                                             24.66324590935155
260.5                                             24.53422502644723
260.8                                             24.450330961705767
261.09999999999997                                24.418530533074552
261.4                                             24.364484997531356
261.7                                             24.305782494134625
262                                               24.206985059538834
262.3                                             24.097325410005183
262.59999999999997                                23.898100400515236
262.9                                             24.047913035320203
263.2                                             23.931775511995422
263.5                                             21.057231776313017
263.8                                             23.68235577357065
264.09999999999997                                23.510364161610045
264.4                                             23.433068855353323
264.7                                             23.249854693241787
265                                               22.730894666324225
265.3                                             23.372324635855083
265.59999999999997                                23.299553706124648
265.9                                             23.164328239269526
266.2                                             22.928847717854254
266.5                                             22.695495279590343
266.8                                             22.53231924236176
267.09999999999997                                22.27733275961922
267.4                                             22.08988716532781
267.7                                             21.88628445450371
268                                               21.599357769647046
268.3                                             21.324357080407538
268.59999999999997                                20.97091887979612
268.9                                             20.426180430718667
269.2                                             17.615516549075508
269.5                                             21.02009090806865
269.8                                             19.99917345147026
270.09999999999997                                18.974005211392615
270.4                                             17.30899142920984
270.7                                             14.015118852535469
271                                               19.287774671227776
271.3                                             24.482713164885116
271.59999999999997                                25.135748589769715
271.9                                             23.527943400806596
272.2                                             21.918993567754683
272.5                                             20.721269538653743
272.8                                             19.959006737077438
273.09999999999997                                19.027680984275772
273.4                                             18.245080607842723
273.7                                             17.170241228977567
274                                               16.333786341956234
274.3                                             15.48382247009002
274.59999999999997                                15.13135365418179
274.9                                             15.295627010799661
275.2                                             16.63628176322461
275.5                                             17.801998918410654
275.8                                             17.412303069133696
276.09999999999997                                18.330966843830115
276.4                                             18.88865012019009
276.7                                             19.338799103058772
277                                               19.768958546631016
277.3                                             20.303006400519997
277.59999999999997                                20.782291809623494
277.9                                             21.111222664995847
278.2                                             21.520518040069156
278.5                                             21.767031269947985
278.8                                             21.985760609158696
279.09999999999997                                22.478789429285584
279.4                                             22.692817858679824
279.7                                             23.146165693149364
280                                               23.075330951824952
280.3                                             23.380625576854676
280.59999999999997                                23.540155435883147
280.9                                             23.936633147148072
281.2                                             23.966493091405454
281.5                                             23.96541201690313
281.8                                             24.121302404759717
282.09999999999997                                24.362022538134333
282.4                                             24.489665535260908
282.7                                             24.50041866477644
283                                               27.112404668412637
283.3                                             24.81714288590855
283.59999999999997                                25.094312598890227
283.9                                             24.894815074352824
284.2                                             24.73011864396279
284.5                                             22.57335809672178
284.8                                             22.47923065350451
285.09999999999997                                28.05532009297034
285.4                                             27.734645234300753
285.7                                             27.582145518342884
286                                               27.539942434915687
286.3                                             27.378525209757278
286.59999999999997                                28.33909806534091
286.9                                             25.74738492904944
287.2                                             23.332785967849393
287.5                                             20.963814863911303
287.8                                             24.664744567799644
288.09999999999997                                25.45133961312633
288.4                                             25.1198499640347
288.7                                             24.03749602261763
289                                               24.25089647043855
289.3                                             23.87297162985407
289.59999999999997                                23.417772793588234
289.9                                             23.577639827951376
290.2                                             22.469845142976396
290.5                                             21.441623440647643
290.8                                             20.651294169954436
291.09999999999997                                19.70621433376921
291.4                                             19.4739849508847
291.7                                             18.18772022191309
292                                               18.355752697577657
292.3                                             20.293187571208815
292.59999999999997                                13.23055850993879
292.9                                             13.118731353389386
293.2                                             10.707972728347158
293.5                                             17.57280839366767
293.8                                             20.85654153917033
294.09999999999997                                22.11851506882333
294.4                                             22.5339162999687
294.7                                             24.122832280777192
295                                               27.665692681350926
295.3                                             26.258502930723676
295.59999999999997                                25.8700616692154
295.9                                             23.740240419000372
296.2                                             21.367218023836344
296.5                                             13.912654020948827
296.8                                             21.698663290544225
297.09999999999997                                20.332506019056808
297.4                                             20.677443033631633
297.7                                             21.31912282037636
298                                               21.305554538997992
298.3                                             21.305045774230752
298.59999999999997                                21.277225341979946
298.9                                             21.29710220417945
299.2                                             21.293191946801386
299.5                                             21.27509850163542
299.8                                             21.052682794950194
