20.215501125739188, 5.72013290162036
21.243694306181418, 5.6235645826051055
22.315744067779967, 5.481928660359607
23.387793829378538, 5.333440235359703
24.459843590977087, 5.202939630090093
25.531893352575636, 5.078434964730569
26.58073857387984, 4.949572467323179
27.601738346830828, 4.777889699205659
28.62737902784071, 4.614281783131204
29.648378800791697, 4.436317554155487
30.67401948180158, 4.282580505143905
31.695019254752566, 4.109103033924043
32.668062977761934, 3.9676446578431452
33.50187945900525, 3.744417089538061
34.41213442592404, 3.622287116407449
35.16887543411126, 3.3948321127002288
36.06893860293998, 3.282619875527317
36.8256796111272, 3.0540563787274664
37.720368198931865, 2.9518913795226354
38.39039929993096, 2.6949472588588748
39.27971330671157, 2.5804517933148077
39.94974440771067, 2.3034855161655514
40.83946449394644, 2.1960565792941793
41.41122436679899, 1.915741796786122
42.30135053248992, 1.8250371346569096
42.87311040534246, 1.54346605997722
43.76323657103339, 1.431404430930158
44.33499644388594, 1.1247075128176647
45.232548062471054, 1.010310670669611
45.691997960299005, 0.689826287071952
46.5969750317783, 0.5684280037567788
47.05642492960625, 0.24525156550561178
47.95397654819136, 0.11362557357506375
48.5257364210439, -0.22322235665673418
49.43935272137125, -0.3547148357552601
49.76921418647851, -0.6954565370453736
50.70632062144226, -0.8102373067959263
51.036182086549516, -1.1727225264413192
51.92705793738841, -1.3058514207532852
52.2600430906122, -1.6451444371744088
53.1333276452158, -1.93632212076146
54.06688294000496, -2.327359009338579
54.964532261917626, -2.7503991579805955
55.82446522576673, -3.1477906904778763
56.62133643893357, -3.5606525081537654
57.40100899282342, -3.9707382312862762
58.180681546713274, -4.3949572413497435
58.90302523634652, -4.832461962485311
59.459831830438816, -5.276293723964784
60.105498164128846, -5.657132772489689
59.93494479296545, -5.196339405574051
60.78771164878248, -6.077555355771324
60.61715827761907, -5.611108674083312
61.468642777261934, -6.504969834294201
61.299371762272685, -6.025877942592558
62.03891411118292, -6.880735174912289
62.61506919696183, -7.288823503692967
63.199823612379205, -7.708799772650465
63.7845780277966, -8.143432783610407
64.36933244321399, -8.589581806143698
64.95408685863138, -9.020027176531514
65.5417077172616, -9.460080297357337
66.01639071330632, -9.905385309360483
66.59806747390573, -10.34174760707468
67.19564545106472, -10.756437849818283
67.7803998664821, -11.177461028918799
68.36771899424782, -11.603829684809199
69.10827968482576, -11.975843657832002
68.90117916269877, -11.568275340339468
70.00321633021616, -12.206396742035892
70.3330777953234, -12.521046221299656
71.33765589360456, -12.550585116579356
72.38650111490878, -12.372390228658901
73.34639559841801, -11.96945161326353
74.22430070622057, -11.573369515885062
73.96905076298282, -12.021973136009365
74.91799433186192, -11.110768357764087
74.74872331687267, -11.551083973780209
75.51215269255648, -10.683411275630604
76.09690710797388, -10.258531059161044
76.686438928746, -9.805755117030387
77.17910885595121, -9.370533725553742
77.75371128498982, -8.967112297196849
78.33846570040721, -8.530716069153897
78.92322011582459, -8.105835852684308
79.50797453124198, -7.690377827502019
80.09272894665938, -7.290623454465205
80.67833826619288, -6.8833205499608
81.35157525762737, -6.452718360553632
81.18102188646398, -6.879495412900795
82.033788742281, -6.026085947107802
81.8632353711176, -6.446267465553873
82.68080867415487, -5.606876646970022
82.54544885577123, -6.031883900781537
83.33811595222592, -5.125065028362627
83.22766234042484, -5.617500336009186
84.10479396355093, -4.715573472653389
84.88446651744079, -4.305928553791617
85.68133773060762, -3.8911617161882646
86.54127069445673, -3.490068724299846
87.4184023175828, -3.0799279006334785
88.31605163949546, -2.6663215433911347
89.29332917336555, -2.2631202107678376
90.34217439466977, -1.860057181865443
91.41422415626832, -1.4766200805555627
92.48627391786687, -1.106887984754465
93.55832367946542, -0.7517174573064551
94.63037344106395, -0.4136781867444199
95.7024232026625, -0.08506110746968432
96.77447296426105, 0.2084368951887825
97.8465227258596, 0.4805208267397916
98.91857248745815, 0.7517481954464671
99.9906222490567, 1.0101271214886935
101.06267201065525, 1.259083856243592
102.1347217722538, 1.475491202915137
103.20677153385235, 1.6721976041678204
104.2788212954509, 1.8689040054204753
105.35087105704945, 2.070749783738947
106.422920818648, 2.2580339937043163
107.49497058024654, 2.42561725825081
108.5670203418451, 2.5675036374683344
109.63907010344364, 2.7025375139314605
110.71111986504219, 2.861555150034974
111.78316962664074, 3.038560605868753
112.85521938823929, 3.2044307447266362
113.92726914983784, 3.3368949326568753
114.99931891143639, 3.4933428802274875
116.07136867303494, 3.737160237916612
117.14341843463349, 4.116314525004995
118.15391509987232, 4.535699583689066
119.05669384648162, 4.989693182224862
119.75315573307039, 5.416029535024514
120.15815230967426, 5.859595566976836
120.54230347424708, 6.292201107876892
120.85832883846162, 6.778116712381539
121.08441954687363, 7.327311127208212
121.28542887717335, 7.971104042747555
121.45760656615737, 8.508748420070717
121.70106314303375, 9.123449867591965
121.76460263425149, 9.641837175548105
121.82145375797263, 10.10395715341189
121.33415841179148, 6.752486861124488
121.96764236182698, 10.68842819465523
122.02855428009961, 11.29849786159049
122.11870391914316, 11.981581245922165
121.69962992142733, 7.430781320308469
122.22667830900748, 13.453892087966786
122.21129003491755, 12.886941999592814
122.27220195319019, 12.53744714020192
122.32093148780832, 14.12036150133332
122.423406832667, 14.75439058201799
122.53777791685893, 16.308133018898346
122.50366724262624, 15.723795489110877
122.50366724262624, 15.309219072470079
122.06510143106321, 8.533074387420534
122.59462904058007, 16.97457994496368
122.26001956953566, 9.117195146698727
122.81143272442488, 17.611392668083475
122.93248714726569, 20.36333257036729
122.89350351957118, 19.776940667266842
122.89350351957118, 19.362364250626044
122.89350351957118, 18.947787833985252
122.89350351957118, 18.533211417344454
122.83935959221772, 18.16547574189586
122.76355809392287, 10.049849741094754
122.50366724262624, 30.21341256327556
122.50366724262624, 29.798836146634763
122.50366724262624, 29.38425972999397
122.55239677724437, 28.800070095048476
122.60112631186247, 28.379198442416026
122.69858538109871, 27.94449380076209
122.74731491571684, 27.518596979443082
122.79604445033495, 27.11208295162936
122.84477398495305, 26.72239426540009
122.84477398495305, 26.307817848759292
122.89350351957118, 25.879094370054098
122.99096258880742, 25.488474162786765
122.99096258880742, 25.073897746145967
122.99096258880742, 24.65932132950517
122.99096258880742, 24.244744912864377
122.99096258880742, 23.83016849622358
122.99096258880742, 23.41559207958278
122.99096258880742, 23.001015662941988
122.99096258880742, 22.58643924630119
122.99096258880742, 22.17186282966039
122.99096258880742, 21.7572864130196
122.99096258880742, 21.3427099963788
123.00070849573102, 20.94937358324993
123.04665348551383, 10.765856251963037
123.18588072727987, 11.245301739947656
123.25288383737977, 12.20385989885311
123.30770456382517, 11.679735011472417
123.30499736745749, 13.524391448780541
123.39298124940687, 12.95641782441676
123.34831250934026, 12.713023843367424
123.4051636330614, 14.196610308823054
123.5014624752829, 15.046094583134277
123.49774974883583, 14.496916483351875
123.59892154451914, 16.349021485166986
123.57571700422479, 15.747476195815118
123.7056624298731, 15.439076838178188
123.71215970115553, 17.042103812504806
123.52698746960668, 35.362350823977316
123.83019346278606, 17.7799327148796
123.90058056834557, 17.235519543087797
123.57571700422479, 34.91164223226844
123.57571700422479, 34.49706581562764
123.62444653884292, 34.06677197170791
123.62444653884292, 33.65219555506711
123.62444653884292, 33.23761913842631
123.62444653884292, 32.82304272178552
123.62444653884292, 32.40846630514472
123.62444653884292, 31.993889888503922
123.62444653884292, 31.57931347186313
123.59520881807204, 31.110096610836123
123.81936467731539, 20.51625977272311
123.81936467731539, 19.952274322812414
123.81936467731539, 19.537697906171623
123.81936467731539, 19.123121489530824
123.81936467731539, 18.708545072890026
123.81936467731539, 18.34736107354388
123.98017214155517, 10.168225432149207
123.96555328116973, 9.586966018547834
123.96555328116973, 9.172389601907035
123.92494533565461, 8.753970131744772
123.69754084077009, 30.674762445583013
123.67317607346102, 24.43413797053413
123.67317607346102, 24.01956155389334
123.67317607346102, 23.60498513725254
123.67317607346102, 23.190408720611742
123.67317607346102, 22.77583230397095
123.77063514269726, 22.298413728481293
123.77063514269726, 21.883837311840495
123.77063514269726, 21.469260895199696
123.85185103372744, 21.079787363435912
124.11499052066527, 8.285633501745927
124.06301235040597, 7.784730243875472
123.99554068708856, 7.343158226176179
124.07519473406047, 11.253163897370491
124.03516690205275, 10.706351611164138
124.06301235040597, 12.27626027843219
124.10199597810045, 11.783154580957202
124.30124563076119, 6.82074417799388
124.25793048887842, 6.2805507887522865
124.08466992134733, 13.558719081365233
124.06301235040597, 12.981668332807367
123.8680942119335, 12.763128595476061
124.37000841850009, 5.683152178331092
124.31478161259956, 5.100143531494318
124.17996323348943, 14.843460270855722
124.16047141964218, 14.295722394074602
124.06301235040597, 14.04449151001377
124.22544413246636, 16.381149032150347
124.20920095426031, 15.872355294347798
124.20920095426031, 15.457778877707
124.68953493835316, 4.692116534855465
124.60715882030824, 4.2107107141875915
124.78177298602317, 3.718744449835384
124.84268490429581, 3.1622683171433152
124.55030769658713, 10.275477243762829
124.59903723120523, 9.672443226242756
124.59903723120523, 9.257866809601957
124.59903723120523, 8.843290392961165
125.06544849112147, 2.734886536437216
124.74522583505957, 8.070629382002934
124.69649630044147, 7.712599888219344
124.74522583505957, 7.31685407901967
125.16917278623718, 2.110973549130378
124.94014397353205, 6.669808510091855
124.94014397353205, 6.255232093451056
125.34297479304182, 1.4761827981005524
124.98887350815015, 5.771545832236669
125.03760304276828, 5.312985414455049
125.65675477673962, 1.0004027612310296
125.23252118124073, 4.848102210414865
125.28125071585886, 4.414667636066021
125.3787097850951, 3.792775460837902
125.90661307679134, 0.5498220621828267
126.04700054557212, 0.1636968717881615
125.67108699280378, 2.6243410904130826
125.81727559665812, 1.9710278357605375
126.46294193034815, -0.2979398284767285
127.02468517664035, -0.7470922127470914
126.59694815054799, 0.24968715848004308
126.9867844274929, -0.24037698952676578
127.69823563291739, -1.1950460838778554
128.35730258862742, -1.5563378736433435
129.23720293531136, -1.7742606415311997
129.45574751481075, -2.1176613610075634
130.42105639105534, -2.376147148691146
131.4024299490422, -2.6044208898179306
131.69730610724412, -2.961581137359289
132.63941044319438, -3.249538363911469
133.63720567585102, -3.648603455508251
134.6025145520956, -3.887571846953904
135.06196444992355, -4.17709760203617
136.05047786646247, -4.225099827497331
137.09932308776666, -4.020188336576155
138.1225424254415, -3.624862597647166
138.80799623720526, -3.1202582501992566
138.68187273584073, -3.5791387372583614
139.4420534758833, -2.665401074473124
139.8209256075392, -2.1496432031566286
139.36408622049436, -3.127066407336841
140.3214782535797, -1.7018149310817847
139.94884063591172, -2.6561221445738283
140.8097290808318, -1.2262862498828326
141.20931126470032, -0.7217885170356482
140.82597225903783, -1.7141509682470542
141.57083800248614, -0.31449311117532375
141.31326760521898, -1.2054903900679506
141.97254954416996, 0.17218015460903757
142.3333391965582, 0.6573025410119016
142.72642410914432, 1.1449468572407255
143.11626038608927, 1.6465683422212862
143.5060966630342, 2.1529009228454754
143.8959329399791, 2.658055729558768
144.30201239513008, 3.1416919411215645
144.61295323507426, 3.608316584414723
144.99234746888675, 4.0604745169513095
145.38218374583164, 4.5267627846045215
145.7720200227766, 5.033095365228711
146.17972379574815, 5.447713566441003
145.89384385932186, 4.54075143263411
146.55885868469852, 5.898467481039972
146.95939634963804, 6.383430832176522
147.35572989786533, 6.80873073104555
147.06335269015665, 5.9160607573755115
147.73906890352788, 7.25507719715845
148.08342428149587, 7.713526495530154
148.47650919408204, 8.205253761316811
148.882588649233, 8.684414432018166
149.20745221335375, 9.118999689182111
149.5858227174474, 9.607738183168799
149.96992610796661, 10.162984642108889
150.1520554997972, 10.63063197315568
149.6947475595349, 9.06232879012375
150.13331337109798, 9.618114099872763
150.908112971526, 11.112254613415061
150.8425988194283, 10.209417825965645
151.26058993859704, 11.623465887140007
150.96171545960595, 10.560099051333012
151.5325471508467, 12.07825651006447
151.8249243585554, 12.495442330558014
151.4490108057871, 11.097026203373971
152.22218608839455, 12.900843196396337
152.59415486931283, 13.362739492331087
152.95637774330748, 13.832804442408168
153.3494626558936, 14.324767262977012
153.76509692175398, 14.813148818946665
154.17786474440157, 15.296335123846625
154.45631922793365, 15.77900515063535
153.93421707131102, 14.28102432667177
154.7301328034069, 16.258203210984675
154.27532381363778, 14.770881847676655
155.12199947762758, 16.738702709865642
154.66516009058273, 15.298414358697258
155.40584901677806, 17.21405053841778
154.9575372982914, 15.750596889686449
155.691346760776, 17.749002498380847
155.24991450600015, 16.221623803250225
155.9837239684847, 18.318685297188026
155.63975078294504, 16.6737787839725
156.27610117619338, 18.892802068365683
155.93212799065373, 17.201338845260018
156.56847838390206, 19.45805089480237
156.22450519836246, 17.74774328912212
156.8608555916108, 20.032167665980026
156.51688240607115, 18.29414773298422
157.15323279931948, 20.608501423342936
156.80925961377983, 18.8593965594209
157.44561000702817, 21.18926915307633
157.1016368214885, 19.424645385857588
157.76219273520076, 21.76325591580487
157.39401402919725, 20.027582977443437
158.0545699429095, 22.367240417533743
157.68639123690593, 20.592831803880117
158.32962109386506, 22.933122287881474
157.97876844461462, 21.17692501289138
158.60365306501166, 23.472437561883396
158.85590006774072, 23.941417189645556
158.36860472155956, 21.822234915003122
159.02083080029433, 24.351184116832286
158.56352286003198, 22.363955813488495
159.28164231756216, 25.079327521479833
159.3269522357158, 24.590517877294005
158.85590006774072, 22.89151587477602
159.5081261464755, 25.61361999799464
159.6615617067602, 26.104883500954784
159.76551804727887, 27.468349884288678
160.0553963044943, 26.533940903023414
160.2435315773423, 28.44931911940217
160.236570215254, 27.86604257901751
159.73303169086677, 27.677741096317455
159.87922029472116, 24.99237525403919
160.53706901206573, 29.296246269771913
160.64914694168738, 28.770456313134126
160.0254088985755, 25.491710066865224
160.64427398822556, 30.07260452655106
160.70762238322908, 30.714103242809394
160.22032703704792, 25.943920148121336
160.84568939798044, 31.188763183833807
160.51270424475666, 26.867212243475066
161.1218234274831, 32.002134305880304
161.07309389286496, 31.479216464569127
161.23390135710474, 33.55864862373379
161.1949177294103, 32.97431247145967
161.23390135710474, 32.580625168113
161.2998736501262, 34.168463185793605
160.8781757543925, 28.223904475343986
161.41304040817704, 35.25809208648126
161.3898358678827, 34.65312054575219
161.49479178859866, 35.861503381191405
161.6079585466495, 36.52509737620024
161.16243137299818, 29.51152359632855
161.09745866017403, 28.977617790226688
161.70657784290046, 37.83618984936925
161.68221307559145, 37.26041519299808
161.7553073775186, 37.005138802696735
161.24364726402837, 30.098817228013914
161.79506041891756, 40.10056535536519
161.77967214482766, 39.531992305812544
161.77967214482766, 39.11741588917175
161.77967214482766, 38.702839472530954
161.74312499386406, 38.34780450491904
161.35734951147066, 30.71122751970973
161.91303718694041, 40.80868406600267
161.99408209714738, 42.04217476672845
161.97459028330013, 41.46434298201762
162.00707663971218, 41.1696761801564
161.48729493711897, 31.106922820086716
162.0915411663836, 42.92029544443703
162.0964141198454, 42.46991332339118
162.19271296206693, 44.075248026147754
162.17925432869617, 43.48748656469171
161.7991639586749, 32.07920480008098
161.68221307559145, 31.72873234451407
162.2444769365697, 44.74424348814094
161.90149598137293, 33.51888670099875
161.8284016794458, 33.06664218190898
161.8284016794458, 32.65206576526819
162.31894566126812, 48.43095677137437
162.36442656024502, 47.93299538109723
162.36442656024502, 47.51841896445644
162.36442656024502, 47.10384254781564
162.36442656024502, 46.68926613117485
162.36442656024502, 46.27468971453405
162.36442656024502, 45.86011329789325
162.36442656024502, 45.44553688125245
162.4618856294813, 45.089179187757075
161.97459028330013, 34.29148572385641
161.97459028330013, 33.8957536897902
162.48509016977562, 56.06737150519027
162.4618856294813, 55.467294609285766
162.4618856294813, 55.052718192644974
162.4618856294813, 54.638141776004176
162.4618856294813, 54.22356535936338
162.4618856294813, 53.80898894272258
162.4618856294813, 53.39441252608179
162.4618856294813, 52.97983610944099
162.4618856294813, 52.5652596928002
162.4618856294813, 52.1506832761594
162.4618856294813, 51.7361068595186
162.4618856294813, 51.3215304428778
162.4618856294813, 50.906954026237
162.4618856294813, 50.49237760959621
162.4618856294813, 50.07780119295542
162.4618856294813, 49.66322477631462
162.4618856294813, 49.24864835967382
162.5376871277761, 48.84965899354376
162.0395629961243, 34.95102074712215
162.1370220653605, 35.78014603013683
162.07204935253634, 35.47865427578813
162.82387645807302, 36.450273475075306
162.9116967182639, 37.67016356985522
162.76818556136658, 37.112534662848844
162.81923555001413, 36.70960938528106
162.92051654353412, 40.14517034634603
162.85172190642618, 39.61049303455193
162.80674079754795, 39.1675968701075
162.96136335931698, 38.79501421272884
162.96136335931698, 38.38043779608804
162.82735713911717, 38.00358802621342
162.98978892117754, 40.67630370426338
163.06984458519298, 41.88187288268462
163.04664004489865, 41.27559610333566
162.87121372027343, 40.89807279204905
163.20565221049463, 43.0557592368836
163.14409911413492, 42.485035289219155
163.23614379063577, 44.301683888631786
163.192828648753, 43.71710150932562
162.8029923718081, 43.43077709525967
163.24155818337113, 44.90051495987589
163.192828648753, 48.44704153554561
163.192828648753, 47.87794118179325
163.192828648753, 47.46336476515245
163.192828648753, 47.04878834851165
163.192828648753, 46.63421193187086
163.29028771798926, 46.17249700852669
163.29028771798926, 45.75792059188589
163.29028771798926, 45.34334417524509
163.09536957951678, 56.18834144745067
163.09536957951678, 55.77376503080988
163.09536957951678, 55.35918861416908
163.09536957951678, 54.944612197528286
163.09536957951678, 54.53003578088749
163.14409911413492, 54.071475363105876
163.14409911413492, 53.65689894646508
163.14409911413492, 53.24232252982428
163.14409911413492, 52.82774611318348
163.14409911413492, 52.41316969654269
163.14409911413492, 51.99859327990189
163.14409911413492, 51.5840168632611
163.192828648753, 51.166285941057744
163.192828648753, 50.751709524416945
163.192828648753, 50.337133107776154
163.192828648753, 49.922556691135355
163.192828648753, 49.50798027449456
163.192828648753, 49.09340385785376
163.6460133207015, 35.96345219027282
163.72885352955228, 35.30993250540598
163.74103591320682, 37.43564271740176
163.82631259878855, 36.88292143563416
163.8587989552006, 36.50412112773289
163.65305203125746, 39.97154568313053
163.63139446031607, 39.39784504703036
163.63139446031607, 38.98326863038956
163.63139446031607, 38.56869221374877
163.72885352955228, 38.197161121297235
163.68012399493415, 37.965658196228695
163.92377166802476, 34.67051442466312
164.02123073726096, 34.10931584525962
163.68012399493415, 41.82875662401793
163.68012399493415, 41.414180207377136
163.68012399493415, 40.99960379073634
163.68012399493415, 40.585027374095546
164.18024290285695, 33.54799682053335
164.11868980649723, 32.976912214829206
164.11868980649723, 32.56233579818841
164.07808186098214, 32.13006856204331
164.25675682124853, 31.776685879947223
164.72510179285598, 36.13745768641006
164.7034442219146, 35.59097671402873
164.80090329115086, 37.056623364007045
164.7034442219146, 36.67318268474041
164.96797598127011, 35.076719495912066
164.89836236038707, 34.53563618931832
165.057374525983, 31.458997831180056
165.0445509642414, 34.087098558642886
165.09328049885954, 33.660364209209455
165.09328049885954, 33.245787792568656
165.09328049885954, 32.831211375927865
165.14201003347767, 32.41368983575312
165.20292195175028, 32.05280269053305
165.37173498239162, 30.924111056050222
165.49811047876386, 30.50566791403441
165.09328049885954, 30.10715118375778
165.28819863733202, 35.55312264727803
166.0142687031419, 29.369133255940497
165.72676444889504, 31.520300800116416
166.29869530257082, 28.687530879707623
166.06787119122185, 30.747584688624336
166.71759831946338, 28.099765268449474
166.60389607202114, 29.35294885163723
167.23128883022935, 27.649710421616106
166.89627327972983, 28.73100157587527
167.9293394136339, 28.014623005211796
168.23981616277223, 27.58515252069776
168.56167678638423, 28.548737923241617
168.7723603625273, 29.090870049975898
168.68708367694558, 28.03560873228288
168.92342191984346, 29.81021165184682
168.94616236933194, 30.48420597353541
169.1232130117777, 31.159412966139676
169.32300410371198, 31.930091735392878
169.38897639673343, 32.53396306910224
169.50214315478422, 33.21881739316959
169.08910233754506, 28.46656033882538
169.63487312526792, 29.35397647659341
169.89197943172917, 36.43302044839483
169.98943850096538, 38.441265669647606
169.9662339606711, 37.83710990305595
169.9662339606711, 37.42253348641516
170.0052175883656, 37.02165105517638
169.9737308121508, 35.81561947125863
169.9987203170832, 35.336651016650336
169.8297912637404, 34.94128080942303
169.9453498744062, 30.046554371663056
169.9077585191294, 29.657293895296796
170.08689757020164, 46.74891878011768
170.06369302990737, 46.149168193868135
170.06369302990737, 45.73459177722734
170.06369302990737, 45.32001536058654
170.06369302990737, 44.90543894394575
170.06369302990737, 44.49086252730495
170.06369302990737, 44.07628611066416
170.06369302990737, 43.66170969402336
170.06369302990737, 43.24713327738256
170.06369302990737, 42.83255686074176
170.06369302990737, 42.41798044410097
170.06369302990737, 42.00340402746018
170.06369302990737, 41.58882761081938
170.06369302990737, 41.17425119417858
170.06369302990737, 40.75967477753778
170.06369302990737, 40.34509836089698
170.06369302990737, 39.93052194425619
170.06369302990737, 39.5159455276154
170.06369302990737, 39.1013691109746
170.06369302990737, 38.7930064870269
169.7713158221987, 34.60209845324071
170.11617099026535, 30.5797399855309
170.17089800606715, 31.287258602277426
170.25861116837984, 30.815496096586834
170.43403749300506, 31.90088294240227
170.4681481672377, 32.674121131452516
170.51850201967642, 32.2224698614438
170.56560723647397, 33.57108619173569
170.62408267801567, 33.12068891804303
170.86657012409148, 29.12112450678793
170.80275763828212, 28.513186869735122
170.91216022090515, 36.66889387217967
170.9469158448607, 28.006703336606762
170.9148355679037, 38.30029935008005
170.89209511841534, 37.699798120432334
170.89209511841534, 37.285221703791535
170.55098837608853, 36.983808008532456
170.64844744532473, 36.091813016402
170.62895563147754, 35.60814604037446
171.10975370637624, 29.777558157148754
171.07889166778477, 27.504934342905393
170.9976757767546, 27.055832850100295
170.69717697994287, 46.83937876963827
170.69717697994287, 46.424802352997474
170.69717697994287, 46.010225936356676
170.69717697994287, 45.59564951971588
170.69717697994287, 45.18107310307508
170.69717697994287, 44.76649668643429
170.69717697994287, 44.351920269793496
170.69717697994287, 43.9373438531527
170.69717697994287, 43.5227674365119
170.69717697994287, 43.1081910198711
170.69717697994287, 42.69361460323031
170.69717697994287, 42.27903818658951
170.69717697994287, 41.86446176994872
170.69717697994287, 41.44988535330792
170.69717697994287, 41.03530893666712
170.69717697994287, 40.62073252002632
170.69717697994287, 40.20615610338553
170.69717697994287, 39.79157968674474
170.745906514561, 39.307893425530345
170.94082465303342, 38.927361267300185
171.06264848957875, 30.350440703378375
171.16281475518264, 26.531284186044388
170.97331100944552, 34.12562393356424
171.06077427670874, 31.11001480773588
170.745906514561, 30.689729128088345
171.27380980625725, 26.022454479837798
171.23320186074216, 25.563919316467533
171.19259391522706, 25.133650726959125
171.33066092997842, 24.502610402113923
171.1357427915059, 31.759979857256894
171.41092133993766, 23.768110267697118
171.42811999921463, 23.24771828494874
171.42811999921463, 22.84684687381673
171.20071550433005, 32.59916466106698
171.20071550433005, 32.1720253227098
171.1357427915059, 33.47858754805874
171.18447232612402, 33.045152973709904
171.6425299515343, 22.255672244378644
171.7611051524384, 21.75249371014589
171.8585642216746, 21.352023030169114
171.4768495338327, 29.08774998224699
171.4768495338327, 28.67317356560619
171.97023607184116, 20.784304437095663
171.89105057808672, 20.165995518459077
171.57430860306897, 28.145503303250983
171.6880108505112, 27.586421144893656
171.67176767230518, 27.090190328807495
172.1778051471856, 19.68710406331475
171.81795627615952, 26.65672820419173
171.81795627615952, 26.242151787550938
171.81795627615952, 25.82757537091014
171.86668581077765, 25.24338573596465
171.86668581077765, 24.828809319323852
172.32063989643063, 19.1039559288445
171.9803880582199, 24.307415926115688
172.38878796740028, 18.533291921371173
172.1103334838682, 23.616418498025126
172.1103334838682, 23.201842081384335
172.1103334838682, 22.787265664743536
172.62083337034363, 17.88309512667449
172.3539811569588, 22.228146772696974
172.80754067148132, 17.28789118767213
172.45144022619502, 21.643943362618025
172.45144022619502, 21.229366945977226
172.5651424736373, 20.689129170194484
172.59762883004936, 20.26826210927318
173.1065817471719, 16.73793723335207
172.74381743390376, 19.778266836933675
172.93873557237617, 19.043280815991153
173.46083772899885, 16.282431178099287
173.13365371084865, 18.327139177623195
173.279842314703, 17.799455140134533
173.75321493670754, 15.761435951844007
173.81586719550228, 17.10834291926514
173.9852603396509, 15.117969293781101
173.96205579935662, 14.516913468911682
173.92144785384153, 14.10106368728232
173.96205579935668, 13.43935741078333
174.10012281410792, 12.89183196325731
174.18621165859997, 16.826828781803748
174.25443300706524, 11.480658160208087
174.43542842136117, 12.441939712195683
174.3226543555307, 11.97624613673274
174.50094712336875, 16.245002635639366
174.64426928401025, 15.623889276360202
174.74172835324646, 15.175903831748947
174.74172835324646, 14.761327415108148
174.74172835324646, 14.346750998467357
174.74172835324646, 13.932174581826558
174.74172835324646, 13.51759816518576
174.7904578878646, 13.087932467351834
175.34968730895815, 11.546124416385389
174.93664649171893, 12.63562596016149
175.0341055609552, 12.195896149820996
175.70239632143216, 11.030944920285584
175.97870884739865, 10.601587634066092
176.46350524308656, 10.181655728102527
176.34980299564432, 10.901543284429614
176.74338769832906, 9.727282032550804
177.12947554953416, 9.271283789592928
177.5193118264791, 8.768264128566095
177.91889401034769, 8.337007402817427
178.37555936334024, 8.02585626250243
178.70164421905548, 8.91924285382973
178.77815813744706, 9.478105939231227
178.8582138014625, 7.288096848023088
178.83500926116824, 6.689977810048404
178.79440131565315, 6.27769704027029
179.08990221147837, 5.883814229569076
179.2492103054222, 8.297058138267325
179.2126631544586, 7.786699774889165
179.59843863685205, 5.523694447584916
179.37103414196747, 9.374294237613924
179.37103414196747, 8.959717820973125
179.51722274582187, 7.1411935771256125
179.51722274582187, 6.679506204048359
179.63904658236714, 6.255473158286627
180.51130525203138, 5.201825597478553
180.79501943136358, 5.619671924688916
181.2920036908606, 6.282280655512167
181.4664041305465, 4.895389812680406
181.75269014642788, 6.831984878219323
181.72287536537863, 5.546236124314227
182.00852020317302, 4.478720284767768
182.09176649147895, 3.987172440094433
182.18922556071516, 3.5568648210412306
182.10800966968503, 3.096770771734299
182.33603890219285, 6.10178134519866
182.3265863503271, 2.464944229785644
182.54657548124806, 4.963811035631281
182.58022206467484, 1.9002433285333353
182.29480621905446, 6.886009229761484
182.53845389214501, 5.553373300605905
182.91436744491335, 1.5057628637358533
182.78210156523562, 4.181702578974416
182.8308310998537, 3.7262828916219064
182.8308310998537, 3.311706474981108
182.8308310998537, 2.8971300583403092
183.45822385806196, 1.0721883241916714
183.7914990680394, 0.6561716681506198
183.41558551527112, 1.5527321330852857
184.3219548591681, 0.12407171644962034
184.76052067073113, -0.3521869928026149
184.3414466730153, 0.6667844245441898
185.22399268887676, -0.7813417862421943
184.8774715538146, 0.1578345685624214
185.6145057649136, -1.2403914125829516
185.26730783075953, -0.25685204914606174
186.0985763624803, -1.665981757440008
185.7546031769407, -0.7092549822706502
186.47121398014826, -2.1305457025046906
186.14443945388558, -1.161630365128289
186.63173480006674, -1.6140332982528491
187.1251213380752, -2.4845476916426463
187.64422624157646, -2.9428484864227755
188.3210253334948, -3.235127737626854
189.17176179203608, -3.4261676020661724
189.84179289303512, -3.5700454272824516
190.77861819606846, -3.3404087868133274
191.69960640035083, -2.875945724343694
191.6508768657327, -3.3302909512862726
192.5595393641999, -2.433776905078645
193.3685929610213, -2.0163808401637056
194.0516186045852, -1.5809546111019444
194.81829661591024, -1.177037851904359
195.6358699189475, -0.7539246789437328
196.59576440245678, -0.37132603204152304
197.64460962376097, 0.0445854395253491
198.7166593853595, 0.4254528523023424
199.78870914695807, 0.816599019210912
200.8607589085566, 1.1657736067488287
201.93280867015517, 1.3616234451571927
203.0048584317537, 1.4486898023395867
204.07690819335227, 1.5194814654802684
205.1489579549508, 1.7187575552658387
206.1467531876075, 2.727221002645564
206.1235486473131, 2.125349403638708
206.28801082664927, 1.6852437513045828
206.7570325973486, 2.8652406243782025
206.80576213196673, 2.3501470588728495
207.2524495326328, 1.787830040007762
207.4311244928992, 1.4297362622680367
208.14725755557134, 1.0458104629301346
208.07273003203773, 1.5457619155540385
208.50588145086545, 0.47255657331515977
208.81585543496402, -0.07270950882343641
209.11479238771744, -0.5622043729493384
209.0473207244001, -1.0242021200126885
209.006712778885, -1.4570403980539766
209.26051243835434, 1.1049387039950744
209.1772661500484, -1.8993034554379449
209.1447797936363, -2.3981564725354616
209.0773081303189, -2.8351162287654432
209.37218428852088, -3.173552891056403
209.4510797255216, -3.8127138359746624
209.54487491997452, 1.8190852136581412
209.65456569425658, 0.4871301935721135
209.61668686572756, -4.43032743403532
209.76851783674817, 7.064802197004575
209.72953420905367, 6.485948046933949
209.72953420905367, 6.071371630293157
209.72953420905367, 5.656795213652359
209.72953420905367, 5.24221879701156
209.72953420905367, 4.827642380370769
209.72953420905367, 4.41306596372997
209.72953420905367, 3.9984895470891715
209.72953420905367, 3.58391313044838
209.72953420905367, 3.1693367138075814
209.72953420905367, 2.754760297166783
209.74902602290092, 2.3518276251550816
209.85019781858426, 14.486863522143814
209.82699327828993, 13.883197220034624
209.82699327828993, 13.468620803393826
209.82699327828993, 13.054044386753027
209.82699327828993, 12.639467970112236
209.82699327828993, 12.224891553471437
209.82699327828993, 11.810315136830638
209.82699327828993, 11.395738720189847
209.82699327828993, 10.981162303549048
209.82699327828993, 10.56658588690825
209.82699327828993, 10.152009470267458
209.82699327828993, 9.73743305362666
209.82699327828993, 9.322856636985861
209.82699327828993, 8.90828022034507
209.82699327828993, 8.493703803704271
209.82699327828993, 8.07912738706348
209.82699327828993, 7.664550970422681
209.8818140047353, -0.03532207471873505
210.04975686511557, -0.7013165696447174
209.92445234752614, -1.216809614020434
210.1085417005279, 1.344179673627238
210.15835411369312, 1.009991874723795
209.97318188214427, -1.6583203523298238
209.97318188214427, -2.0728967689706224
209.97318188214427, -2.4874731856114067
210.1031273077926, -2.9774638662397592
210.11937048599862, -3.530237013471975
210.26555908985296, 1.9408740686145052
210.26555908985296, 0.5935007145319275
210.18434319882277, -4.083023935837645
210.11937048599862, -4.371952768469953
210.48136131459034, 7.295309770286742
210.46047722832543, 6.717869950737111
210.46047722832543, 6.303293534096319
210.7528544360341, 5.841523510218302
210.7528544360341, 5.426947093577503
210.80158397065225, 4.995225644917262
210.80158397065225, 4.580649228276471
210.80158397065225, 4.166072811635672
210.80158397065225, 3.7514963949948736
210.80158397065225, 3.3489118581742616
210.85572789800574, 2.95830389547001
210.80158397065225, 2.59556483661315
210.3142886244711, 2.2612147972489396
210.46047722832543, 14.623088440774112
210.46047722832543, 14.208512024133313
210.46047722832543, 13.793935607492514
210.46047722832543, 13.379359190851723
210.46047722832543, 12.964782774210924
210.50920676294356, 12.487377973854727
210.50920676294356, 12.072801557213928
210.50920676294356, 11.658225140573137
210.50920676294356, 11.243648723932338
210.50920676294356, 10.82907230729154
210.50920676294356, 10.414495890650748
210.50920676294356, 9.99991947400995
210.50920676294356, 9.585343057369158
210.50920676294356, 9.17076664072836
210.50920676294356, 8.756190224087561
210.50920676294356, 8.34161380744677
210.50920676294356, 7.927037390805971
210.4117476937073, 0.15061639862888399
211.48379745530588, 3.655368504564919
211.58125652454208, 3.210613525537866
211.77617466301456, 2.801007177049783
211.87363373225077, 2.425234059083621
212.28596056363483, 2.083810151533612
212.80490928273036, 1.6616781330575634
212.84822442461314, 1.1167894248208938
212.98629143936444, 0.7089386287902641
212.90507554833425, 0.24570384905425158
213.08699914424187, -0.3382093648798019
213.04314256308555, -0.912265385508988
213.04314256308555, -1.3268418021497865
213.04314256308555, -1.7414182187905851
213.04314256308555, -2.1559946354313695
213.04314256308555, -2.570571052072168
213.04314256308555, -2.9851474687129667
213.04314256308555, -3.3997238853537652
213.04314256308555, -3.814300301994564
213.04314256308555, -4.228876718635362
213.04314256308555, -4.643453135276147
213.04314256308555, -5.058029551916945
213.04314256308555, -5.472605968557744
213.04314256308555, -5.8871823851985425
213.04314256308555, -6.301758801839341
213.04314256308555, -6.71633521848014
213.04314256308555, -7.130911635120924
213.04314256308555, -7.545488051761723
213.04314256308555, -7.960064468402521
213.04314256308555, -8.37464088504332
213.04314256308555, -8.789217301684118
213.04314256308555, -9.203793718324903
213.04314256308555, -9.618370134965701
213.04314256308555, -10.032946551606486
213.04314256308555, -10.447522968247284
213.04314256308555, -10.862099384888083
213.04314256308555, -11.276675801528881
213.04314256308555, -11.69125221816968
213.04314256308555, -12.105828634810479
213.04314256308555, -12.520405051451263
213.04314256308555, -12.934981468092062
213.04314256308555, -13.34955788473286
213.04314256308555, -13.764134301373659
213.00253461757052, -14.181268927269471
213.22034087078782, -14.428877159944221
213.29003887181733, 2.6749500124063843
213.27704432925253, 2.233995133530101
213.31386219985285, 3.336590488293112
213.52434671743947, 8.933574339555918
213.4329788400305, 8.434438170415824
213.4329788400305, 8.019861753775025
213.4329788400305, 7.605285337134227
213.4329788400305, 7.190708920493435
213.4329788400305, 6.7761325038526365
213.4329788400305, 6.361556087211838
213.4329788400305, 5.9469796705710465
213.4329788400305, 5.532403253930248
213.4329788400305, 5.117826837289449
213.4329788400305, 4.703250420648658
213.4329788400305, 4.288674004007859
213.4329788400305, 3.8740975873670607
213.80032456253633, 1.8601486076563845
213.77408558235732, 1.2897510601822546
213.8453056714145, 0.6627928147174629
213.82281511697545, 0.07427460898828997
213.89369444005632, -0.5561756809736806
213.87154465159352, -1.138061111776608
213.87154465159352, -1.5526375284174065
213.87154465159352, -1.967213945058191
213.87154465159352, -2.3817903616989895
213.87154465159352, -2.7586780131906323
213.77408558235732, -3.1857898012808903
213.77408558235732, -3.600366217921689
213.77408558235732, -4.014942634562473
213.77408558235732, -4.429519051203272
213.77408558235732, -4.820539989625843
213.72535604773918, -5.214687883344041
213.72535604773918, -5.62926429998484
213.72535604773918, -6.043840716625624
213.72535604773918, -6.458417133266423
213.72535604773918, -6.872993549907221
213.72535604773918, -7.28756996654802
213.72535604773918, -7.702146383188818
213.72535604773918, -8.116722799829617
213.72535604773918, -8.531299216470401
213.72535604773918, -8.9458756331112
213.72535604773918, -9.360452049752013
213.72535604773918, -9.775028466392797
213.72535604773918, -10.189604883033596
213.72535604773918, -10.604181299674394
213.72535604773918, -11.018757716315193
213.72535604773918, -11.433334132955991
213.72535604773918, -11.84791054959679
213.72535604773918, -12.262486966237574
213.72535604773918, -12.677063382878373
213.72535604773918, -13.091639799519172
213.72535604773918, -13.50621621615997
213.72535604773918, -13.908229711084374
213.9898878070947, 2.7285932683217737
214.4307740726872, 10.302115728041365
214.4075695323928, 9.701875677309367
214.4075695323928, 9.287299260668576
214.01773325544787, 3.353142076431652
214.43623396452108, 11.143513227294847
214.6024876708653, 10.702285978916954
214.5282331419234, 8.708391822895535
214.066462790066, 8.139601475241918
214.066462790066, 7.725025058601119
214.066462790066, 7.3104486419603205
214.066462790066, 6.895872225319529
214.066462790066, 6.4812958086787305
214.066462790066, 6.066719392037932
214.066462790066, 5.65214297539714
214.066462790066, 5.237566558756342
214.066462790066, 4.82299014211555
214.066462790066, 4.408413725474752
214.066462790066, 3.993837308833953
214.01773325544787, 3.7677184930724366
214.42381271059884, 12.012021076673065
214.47254224521697, 11.669667684768044
214.4075695323928, 12.936746441865473
214.3750831759807, 12.536536833465718
214.35883999777468, 13.811677979390225
214.35883999777468, 13.397101562749427
215.63909777092334, 9.96534889816241
215.4796192939914, 9.482292536232649
215.48711614547108, 9.062574623274749
215.18724208628265, 8.729741967842543
216.4931936140482, 10.650871670787303
216.4681327105303, 9.991056159565936
216.13746801133595, 9.481678290508768
216.71659978814353, 11.162650939181951
217.00106365262366, 11.732814427123422
217.03896440177107, 12.274246604377169
217.25708708053787, 13.065159547905942
217.3870325061862, 12.48902311836521
217.3034961611266, 13.74892831072318
217.46778430641052, 14.309547118016013
217.5434584072292, 14.90707740250705
217.03896440177107, 10.456620248774342
217.6761967775464, 15.467596309362065
217.74283545736608, 16.072047281849677
217.86195209754368, 11.239476389064066
217.8418414959553, 16.907453588416722
217.91609602489717, 16.404915729081644
217.59587336883527, 24.59782591357441
217.57498928257036, 24.05269074986692
217.52625974795222, 23.672676143079656
217.4775302133341, 23.327209571012453
217.42880067871602, 23.006868842378026
217.93775359583856, 18.752082147478554
217.91609602489717, 18.208266037279493
217.91609602489717, 17.793689620638695
217.77686878313108, 17.485366354215166
218.05416303964847, 19.3194745377388
218.10215424798452, 11.787418360448825
218.1110141633696, 27.685971738560376
218.01355509413338, 27.069014012925592
218.01355509413338, 26.675974033512894
217.9648255595153, 26.25109184916709
217.91609602489717, 25.920072637073737
217.76990742104283, 25.475386533713994
217.76990742104283, 25.12676545608423
218.19821438321253, 19.921131646085293
218.30593230184206, 13.190582006876156
218.297072386457, 12.606237339064975
218.48135862646734, 20.517856507478854
218.4947592484873, 13.871753058305117
218.47835988587542, 14.420781532638323
218.5577015640357, 12.164748277210208
218.63311631999227, 14.922288275298392
218.51059634723816, 21.088204888322778
218.6855097293937, 15.580835044941779
218.8164321883176, 10.963121410793747
218.79322764802328, 10.358476179719645
218.79322764802328, 9.943899763078846
218.79322764802328, 9.529323346438055
218.79322764802328, 9.114746929797256
218.75261970250818, 8.681623130807864
218.66918883263168, 21.754223324251825
218.84737157537666, 17.145864852242383
218.84195718264135, 16.561690523000735
218.84195718264135, 16.147114106359943
218.89068671725948, 8.282140294871539
218.89068671725948, 7.867563878230747
218.89068671725948, 7.452987461589949
218.89068671725948, 7.03841104494915
218.89068671725948, 6.625547753996955
218.91361826296207, 18.75981206812184
218.89068671725948, 18.159261626134587
218.89068671725948, 17.744685209493788
219.03312689537398, 6.160986868813822
218.92067412317834, 5.691358661109163
218.76538219967006, 22.53538144578141
218.9581583805769, 19.514427467253462
219.02875373201078, 11.589861449062006
219.25053558828557, 5.363663070832246
218.85820036084738, 23.289130510415227
219.3292525288225, 4.974141926555873
219.10726242667334, 13.188471044201783
219.13433439035003, 12.59800607067963
219.13433439035003, 20.44355068256379
219.13433439035003, 20.028974265922997
219.16682074676214, 13.929666589194433
219.18306392496817, 14.482430553004335
219.2317934595863, 12.133150416906368
219.24803663779232, 15.123121193695496
219.71908880576746, 4.595259635739097
219.28052299420443, 15.788946861241747
219.37798206344064, 10.88937984158359
219.37798206344064, 10.474803424942792
219.37798206344064, 10.060227008302
219.37798206344064, 9.645650591661202
219.37798206344064, 9.231074175020403
219.37798206344064, 8.816497758379612
219.47544113267685, 8.364205026322729
219.52417066729498, 7.855392921675566
219.52417066729498, 7.440816505034768
219.52417066729498, 7.026240088393969
219.52417066729498, 6.611663671753178
220.13816280348328, 6.031083121774458
220.39360815337608, 5.332975308127963
220.43610910086255, 4.759272278353812
221.16635598392548, 6.473635456961098
221.03478624045658, 5.913994487356369
221.52208158663774, 6.974167328884889
221.08351577507472, 5.560648538949508
220.93732717122037, 5.254468647512937
221.90542059230023, 7.446424821037844
222.37484844245478, 7.904053580626382
222.0093769328189, 6.874782495990814
222.39921320976384, 7.40231500701141
223.29954937318428, 8.191729860051836
224.34839459448847, 8.354261884533642
225.42044435608705, 8.673456772521092
226.25371939805683, 9.156579630776918
226.0051987715044, 8.720402427356014
226.79570011086497, 9.635178429090118
227.18079879416644, 10.108665543225754
226.78487132539425, 9.172447207010599
227.62951659210825, 10.599356345012254
227.2721666715754, 9.624574637465948
228.045748033638, 11.010595850364915
227.7107324831385, 10.067293651767464
228.68818961871364, 11.467598361324747
228.53913457164646, 10.924478881642095
229.63438887353936, 11.824212874942653
230.64912342061086, 12.155362819612144
231.43366892796251, 12.607406221753386
231.84701003925267, 13.11503463728527
232.3339470800322, 13.613441755645354
232.47926551362553, 14.104027636832
231.95020199491455, 12.525287141139273
232.77860408342252, 14.575052582519568
232.3400382718595, 13.10935279988361
233.01651887008745, 15.076736808023945
233.16844036036747, 15.64503410622276
233.25777784050064, 16.095928006274626
233.5505825002674, 16.67357433199166
233.02225175651313, 13.966579355158622
233.64761411744558, 17.198214185819957
233.87645183393658, 17.75572152230192
233.41208803345802, 14.691977883212331
233.90688023111886, 18.295463788042568
234.12678787452376, 18.86266585776231
233.65573570654863, 15.266662676069764
234.0861799290086, 19.497104883717775
234.14303105272978, 20.283168771554138
233.99684244887544, 19.83632902447158
233.89938337963918, 16.09574663368405
234.19176058734786, 21.034238244750426
234.19176058734786, 21.692445607534033
234.19176058734786, 22.30488804120794
234.22424694375997, 16.91538544145528
234.43540826043846, 17.716212008630002
234.53286732967467, 18.262671553025953
235.18955582000456, 29.2788222346489
235.16635127971023, 28.677440100124507
235.16635127971023, 28.262863683483708
235.12574333419514, 27.83702066867086
235.27919862303634, 30.237073892519334
235.28005352715246, 29.773237356953167
235.28674189464903, 27.28836345028658
235.22320240343134, 26.76757440729643
235.38447395847703, 31.339086295602648
235.39375577459475, 30.75939456971153
235.31253988356457, 26.2842692581078
235.48309325472798, 33.44343754000643
235.4587284874189, 32.86766288363526
235.4587284874189, 32.45308646699446
235.4587284874189, 32.03851005035367
235.4587284874189, 31.77697286189433
235.35553653175702, 25.55466080617783
235.37898924895285, 24.908503475534893
235.70237616050946, 34.01220670019286
235.36126941818264, 24.351528495168807
235.7735962495667, 34.495306837047245
235.44654610376438, 23.69901764204036
235.8717693046582, 41.288782543647145
235.8485647643638, 40.68283207395315
235.8485647643638, 40.26825565731236
235.8485647643638, 39.85367924067157
235.8485647643638, 39.43910282403077
235.8485647643638, 39.02452640738997
235.8485647643638, 38.60994999074917
235.8485647643638, 38.19537357410838
235.8485647643638, 37.78079715746758
235.80795681884877, 37.35324101696614
235.4262421310068, 23.058314374143528
235.9692283738944, 45.03250566486378
235.94602383360007, 44.434549781716576
235.94602383360007, 44.019973365075785
235.94602383360007, 43.605396948434986
235.94602383360007, 43.19082053179419
235.94602383360007, 42.77624411515339
235.94602383360007, 42.3616676985126
235.94602383360007, 41.9470912818718
235.94602383360007, 41.638728657924105
235.9692283738944, 36.740977332047855
235.94602383360007, 36.143021448900654
235.94602383360007, 35.72844503225986
235.94602383360007, 35.313868615619064
235.98500746129457, 34.90750418217677
236.3845896451631, 29.109782324279685
236.32193738636835, 28.576773213770245
236.31961693233893, 28.14604512516712
236.31961693233893, 27.74717236067181
236.40624721610448, 30.35918867841127
236.39000403789845, 29.82108145660382
236.21403627399968, 29.46989284715397
236.56976187671194, 27.36204809771275
236.46580553619333, 26.889711628127962
236.50912067807604, 31.192500071427688
236.257892855156, 30.686285344723103
236.59233134537715, 33.2498202816376
236.53077824901743, 32.68234225633049
236.53077824901743, 32.2677658396897
236.53077824901743, 31.853189423048903
236.36022487785402, 31.49091155287747
236.766304333005, 33.7835299733394
236.76833473028074, 34.425808772125826
236.60039186990048, 41.10551685616518
236.57950778363556, 40.526731009288795
236.57950778363556, 40.112154592648
236.57950778363556, 39.6975781760072
236.57950778363556, 39.28300175936641
236.77442592210804, 38.80241490318073
236.77442592210804, 38.387838486539934
236.77442592210804, 37.973262069899135
236.77442592210804, 37.55868565325834
236.77442592210804, 37.144109236617545
236.57950778363556, 45.08707159233755
236.57950778363556, 44.67249517569675
236.57950778363556, 44.25791875905596
236.57950778363556, 43.84334234241516
236.57950778363556, 43.42876592577437
236.57950778363556, 43.01418950913357
236.57950778363556, 42.599613092492774
236.57950778363556, 42.185036675851975
236.57950778363556, 41.770460259211184
236.8231554567261, 36.70663658028844
236.8231554567261, 36.29206016364765
236.8231554567261, 35.87748374700685
236.8231554567261, 35.46290733036605
236.8231554567261, 35.04833091372525
237.1870026485414, 28.904600399461337
237.21299173367106, 28.300735282222448
237.2617212682892, 27.89326407942081
237.31045080290733, 26.42064746236823
237.12771504808939, 30.11034357093736
237.21299173367106, 29.52412456365164
237.3591803375254, 27.425895841304268
237.31045080290733, 27.040227919744623
237.44039622855564, 25.79018047527481
237.36892624444903, 25.392584206480215
237.18514628531784, 30.837855106070165
237.5118662126622, 24.912012043770225
237.16426219905293, 33.083034590727515
237.16426219905293, 32.66845817408672
237.16426219905293, 32.253881757445924
237.16426219905293, 31.839305340805133
237.16426219905293, 31.424728924164334
237.88128249414808, 24.632472342104904
238.40570510480023, 26.770712841869944
238.38250056450585, 26.16508868183093
238.52056757925715, 27.366521801889753
238.50316417403644, 25.553876588215743
238.62127528413458, 28.901054220937368
238.57741870297832, 28.323571948930983
238.57741870297832, 27.90899553229019
238.44747327733, 27.630363820634088
238.69808231250892, 29.721122091317966
238.67487777221453, 29.21950913380099
238.9877726787098, 24.921909646330228
238.98813906618813, 24.330649328594426
239.13780835108662, 24.10783949667784
238.869795910687, 21.191747056495366
238.96725497992327, 20.629080083644517
238.96725497992327, 20.21450366700372
238.96725497992327, 19.79992725036292
238.93070782895967, 19.366180275665947
239.31919050772075, 18.894699165340562
239.39769920238325, 18.339814596262855
239.35709125686816, 17.900694857363362
239.35709125686816, 17.48611844072257
239.35709125686816, 17.071542024081772
239.35709125686816, 16.65696560744098
239.35709125686816, 16.242389190800182
239.35709125686816, 15.827812774159383
239.35709125686816, 15.413236357518592
239.31648331135307, 14.990248552186735
239.399729599659, 26.691801415875
239.4058207914863, 26.100557190705814
239.4058207914863, 27.287753292904455
239.4058207914863, 25.681269678421373
239.5032798607225, 25.26195461587001
239.61948105865804, 14.600349933932684
239.55200939534063, 14.13518949329039
239.55200939534063, 13.720613076649592
239.51140144982554, 13.294199019940542
239.27912400147915, 28.725615498692036
239.25963218763195, 28.157776947164685
239.45455032610442, 27.74135072688771
239.6234793794472, 12.835934767528336
239.64946846457684, 12.346658724126812
239.64946846457684, 11.932082307486013
239.64946846457684, 11.517505890845214
239.64946846457684, 11.102929474204423
239.64946846457684, 10.688353057563624
239.64946846457684, 10.273776640922826
239.30836172225003, 29.784661534303446
239.30836172225003, 29.370085117662647
239.80848063017282, 9.7132690967859
239.7469275338131, 9.139659884803812
239.7469275338131, 8.725083468163021
239.7469275338131, 8.310507051522222
239.7469275338131, 7.895930634881424
239.7469275338131, 7.481354218240632
239.7469275338131, 7.066777801599834
239.7469275338131, 6.652201384959042
239.7469275338131, 6.237624968318244
239.7469275338131, 5.823048551677445
239.7469275338131, 5.459865905694599
239.64946846457684, 24.815929569537865
239.86875137035838, 24.366743130076422
239.82489478920212, 23.912605907649123
240.40129557011352, 23.614163311889946
240.38901081348706, 18.968788945744166
240.46974896398177, 18.446296377916013
240.42914101846674, 17.99975309436592
240.42914101846674, 17.58517667772513
240.42914101846674, 17.17060026108433
240.42914101846674, 16.756023844443533
240.42914101846674, 16.34144742780274
240.42914101846674, 15.926871011161943
240.42914101846674, 15.512294594521151
240.42914101846674, 15.097718177880353
240.61864476420385, 14.493121587140422
240.57532962232108, 13.91356437652081
240.57532962232108, 13.498987959880012
240.62405915693915, 13.065134621473959
240.62405915693915, 12.65055820483316
240.62405915693915, 12.235981788192369
240.62405915693915, 11.82140537155157
240.6435509707864, 11.40535777065714
240.42914101846674, 10.966344267256623
240.42914101846674, 10.551767850615825
240.42914101846674, 10.137191433975026
240.8497538435915, 22.636055589738454
240.75150563209428, 22.065304562301158
240.3804114838486, 21.766073695882817
240.49875463934973, 9.507769377221912
240.42914101846674, 8.936176117888358
240.42914101846674, 8.52159970124756
240.42914101846674, 8.107023284606761
240.42914101846674, 7.73641709397333
240.3804114838486, 7.303010069891407
240.3804114838486, 6.888433653250615
240.3804114838486, 6.473857236609817
240.3804114838486, 6.059280819969018
240.36416830564258, 5.632146073322993
241.11947609222335, 23.116378857537022
241.1259733635058, 24.79227077781868
241.11135450312037, 24.20792773797782
240.97212726135427, 19.725328999043242
241.2575431069747, 25.50852950482104
241.32947718188717, 27.545198074073653
241.30627264159278, 26.942021236446912
241.30627264159278, 26.527444819806114
241.30627264159278, 26.112868403165322
241.30627264159278, 25.80793203059482
241.25379468123487, 23.717669967465724
241.10052571764965, 20.401746213650576
241.0918626892731, 19.122005703720475
241.53042850083614, 28.41404677504555
241.57428508199246, 27.899582733139347
241.11135450312037, 18.543477648627444
241.11135450312037, 18.056664432117415
241.11135450312037, 17.642088015476617
241.11135450312037, 17.227511598835818
241.11135450312037, 16.812935182195027
241.13571927042938, 16.343389095478308
241.06262496850223, 15.97123320233051
241.06262496850223, 15.650878698562622
241.0138954338841, 15.255160439629876
241.61326870968696, 29.898960704195687
241.59864984930152, 29.312904538666245
241.56210269833792, 28.954871601099292
241.2867808277456, 20.953624589435975
241.70098187199955, 30.671555594513308
241.8130598016212, 31.847413384360244
241.79356798777394, 31.262386471757303
241.90077296393383, 34.24062517609188
241.8910270570102, 33.653882382773645
241.8910270570102, 33.239305966132854
241.8910270570102, 32.824729549492055
241.9105188708574, 32.4296772556479
241.50119078006526, 22.8116201007025
242.0101436971878, 35.40371142747902
241.9884861262464, 34.85304281452555
241.50119078006526, 21.322913877310548
242.09620404487595, 37.078633127249546
242.08594519548268, 36.50789467944462
242.08594519548268, 36.09331826280383
242.15903949740982, 35.785791539000236
241.6473793839196, 23.29211053095395
241.7610816313619, 24.72111073421498
241.69610891853773, 24.33795998870977
242.30406787424948, 38.112134437988885
242.23213379933702, 37.55243174266707
241.8585407005981, 25.40576241749119
242.4015269434857, 39.71477675811257
242.37832240319136, 39.11176307531332
242.40756012396224, 38.71602277616702
241.9884861262464, 27.31057868904925
241.93975659162828, 26.768816465163496
241.93975659162828, 26.354240048522698
241.93975659162828, 25.996196779605647
242.48151435885325, 40.43305767084842
242.62483651949475, 41.0648582185448
242.15091790830678, 28.59666188265291
242.13467473010076, 28.097290336137654
242.08594519548268, 27.72983865106677
242.64904203995866, 41.73105572466094
242.2808633339551, 30.184264380872186
242.23213379933702, 29.642502156986424
242.1834042647189, 29.23736170676638
242.85952655754522, 42.359927492163905
242.32959286857323, 30.76371536990711
242.91691199633897, 43.152243171672204
242.74379391282724, 42.739203407419325
242.44329511601552, 31.91319056497852
242.4270519378095, 31.442085592325128
242.37832240319136, 31.197122393989034
242.9862813589031, 44.86899876643471
242.96307681860873, 44.26810609639277
242.96307681860873, 43.85352967975197
242.79252344744532, 43.577764656854754
242.57324054166384, 34.56078958301801
242.57324054166384, 34.023724679642434
242.57324054166384, 33.609148263001636
242.57324054166384, 33.20713476807723
242.5245110070457, 32.893075500300995
242.47578147242757, 32.478512858793664
243.10439246900125, 48.5507090574327
243.060535887845, 47.971856284875436
243.060535887845, 47.557279868234644
243.060535887845, 47.142703451593846
243.060535887845, 46.72812703495305
243.060535887845, 46.31355061831225
243.060535887845, 45.89897420167145
243.060535887845, 45.48439778503066
242.6901914247473, 35.237269857125185
243.1811994973756, 49.78822486941783
243.1579949570812, 49.188147973513324
243.1579949570812, 48.87293284681123
243.17748677092845, 36.95950867310734
243.1579949570812, 36.360262817289026
243.1579949570812, 35.969241878866455
243.1579949570812, 35.64417627945492
243.40489126581298, 38.3237776875509
243.51534487761404, 37.79233487531185
243.52346646671708, 37.49082245826297
243.54783123402615, 39.68178911803426
243.47960988556076, 39.17175378153576
243.42252671643672, 38.793805444767635
243.59114637590892, 40.489153975777704
243.4893557924844, 40.01597936585033
243.68589824877745, 40.99269096959452
243.76595391279295, 41.8249619027288
243.56732304787334, 41.29737534070834
243.90900307884272, 43.01987701864901
243.88893797635296, 42.4505606383919
243.88893797635296, 45.07962121301139
243.88893797635296, 44.500829462506374
243.88893797635296, 44.08625304586558
243.88893797635296, 43.67167662922479
243.93766751097104, 43.37015273289802
243.76224118634582, 48.41295910033652
243.74274937249862, 47.8426079644659
243.74274937249862, 47.42803154782511
243.74274937249862, 47.013455131184315
243.74274937249862, 46.59887871454352
243.74274937249862, 46.18430229790272
243.74274937249862, 45.76972588126192
243.7914789071167, 49.89035042910365
243.7914789071167, 49.47577401246285
243.7914789071167, 49.06119759582206
244.26794546782713, 37.02369008104268
244.23004471867978, 36.469599808423176
244.23004471867978, 36.055023391782385
244.23004471867978, 35.640446975141586
244.23004471867978, 35.22587055850079
244.1894367731647, 34.7958874899405
244.33500063939567, 34.35662727036759
244.327503787916, 33.90330997663596
244.2868958424009, 33.478323524667395
244.2525352731189, 38.29077783654842
244.23004471867978, 37.700602981801694
243.93766751097104, 37.49070536962855
244.42983581061407, 32.90384352212742
244.20219927032656, 39.44506226878208
244.23004471867978, 38.90772028843632
244.53325071185918, 32.23923572943616
244.24953653252697, 40.219283805573816
244.27877425329785, 40.863753424544434
244.327503787916, 42.12631328190794
244.327503787916, 41.71173686526715
244.327503787916, 41.29716044862635
244.81479913409714, 35.379886568873104
244.81479913409714, 34.965310152232306
244.91225820333335, 34.51301742017543
244.96098773795148, 33.90998340265536
244.96098773795148, 33.49540698601456
245.10717634180583, 32.82639007921653
245.18514359719484, 32.04432616215785
245.35082401489643, 31.657969483925164
245.44828308413264, 31.045499499984338
245.49701261875077, 30.593220543060923
245.5457421533689, 30.1409415861375
245.5457421533689, 29.726365169496702
245.59447168798698, 29.304237224692606
245.59447168798698, 28.889660808051808
245.65538360625965, 28.475538282058558
245.88684889569572, 28.020852120562836
245.9425397924021, 27.577993387050498
246.03303749955006, 25.688818451557978
246.396634796316, 25.317988679912204
246.1987179172516, 27.16334455256522
246.37414424187688, 26.8178146148841
246.52033284573122, 26.43774490756298
247.0099486459418, 24.82641179014292
247.31624857782708, 25.228338698514143
248.0355893269517, 24.830608614137354
248.88209095688921, 27.61485118367259
248.90808004201887, 27.10090613035525
248.90808004201887, 26.686329713714457
248.8824329185357, 26.131103911658982
249.02874365154946, 30.631705642115875
249.00553911125513, 30.033749758968675
249.00553911125513, 29.619173342327876
249.00553911125513, 29.204596925687085
249.00553911125513, 28.790020509046286
249.00553911125513, 28.375444092405495
249.04208626221867, 27.982271415522078
249.2816731407578, 25.87163283942941
249.06239023497625, 24.84310561200074
249.24106519524264, 24.44575270389729
249.1598493042125, 23.993510480663097
249.22366179002194, 19.229901732408962
249.1598493042125, 18.62757254255098
249.3385242644789, 23.594587207345107
249.29791631896381, 23.15375434275701
249.29791631896381, 22.739177926116213
249.29791631896381, 22.32460150947542
249.29791631896381, 21.910025092834623
249.29791631896381, 21.495448676193824
249.29791631896381, 21.080872259553033
249.29791631896381, 20.666295842912234
249.29791631896381, 20.251719426271443
249.29791631896381, 19.837143009630644
249.3385242644789, 18.220797443160237
249.4092981123767, 18.020219364732156
249.60978534051975, 27.49404142653559
249.5902935266725, 26.93625321238136
249.5902935266725, 26.52167679574056
249.5902935266725, 30.74281849244685
249.5902935266725, 30.328242075806052
249.5902935266725, 29.91366565916526
249.5902935266725, 29.499089242524462
249.5902935266725, 29.084512825883664
249.5902935266725, 28.669936409242872
249.63902306129063, 28.12343553944654
249.68775259590876, 26.044258220250903
249.79913438932158, 25.571322466764684
250.1075762787725, 24.558815643863554
250.223777476708, 24.052883601735374
249.95228435526423, 19.177649371397898
249.9314002689993, 18.62578407105663
250.44035318612185, 23.507382194400158
250.4054057421028, 22.971849948550563
250.36996608056234, 22.626950661524987
249.98012980361744, 22.26273613281743
249.98012980361744, 21.84815971617663
249.98012980361744, 21.433583299535833
249.98012980361744, 21.01900688289504
249.98012980361744, 20.604430466254243
249.98012980361744, 20.189854049613444
249.98012980361744, 19.775277632972653
250.07758887285365, 18.230010711590033
251.05217956521597, 23.254903895475913
251.29582723830657, 22.841828968382366
251.40140789664582, 22.435074531691818
251.53947491139712, 22.03481671032494
252.0476543438432, 21.698166223672743
252.12422932681454, 22.186752496646818
252.7820780441591, 21.35859147297441
252.51406560375943, 21.772065878938335
253.6319784567633, 21.100003047041483
254.44158941754273, 21.325537274949667
255.34646980343746, 21.24833358286127
255.9190418352003, 20.81946202147138
256.26998819509424, 20.411309452885604
256.725323279704, 19.882469921509575
257.1596145706865, 19.411435951210763
256.85099418477176, 20.395199964115847
257.52102528577086, 18.99345960204625
257.2895599963348, 19.923966423550162
258.09089012116607, 18.56275671319124
258.9763515792696, 18.37245194933017
259.3062130443768, 18.062151173737476
260.2272547975984, 17.979472519954655
260.61066520184636, 17.57472761285257
261.07828131289335, 17.199882124896526
261.51107652167263, 16.612112586516986
261.93278850923247, 16.108012406092918
261.6264885773471, 17.190304963357796
262.13252605222755, 15.656519085902062
262.2599725273826, 15.198902794575346
262.4548906658551, 14.751069270007392
262.7147815171517, 16.706324832629576
262.98835083430606, 14.296811354625035
263.26704957615704, 15.718723067542271
263.2058987876166, 13.626053194192096
263.1371041505087, 13.107499418290686
263.1371041505087, 12.692923001649888
263.0964962049936, 12.276216657176228
263.2645506256638, 11.859780774122477
263.36613296321383, 11.2594859948724
263.48795679975916, 15.198555661212133
263.550144967748, 18.99612984607178
263.52694042745367, 18.39409509223745
263.52694042745367, 17.97951867559665
263.52694042745367, 17.56494225895586
263.52694042745367, 17.15036584231506
263.7096761822716, 14.730524150419441
263.6243994966899, 16.528302354518097
263.78683127875024, 16.002498163575716
264.05600394616465, 14.282199148768363
264.24164026851935, 13.759888069288202
264.2091539121073, 13.333328956249524
264.2091539121073, 12.918752539608732
264.2172755012103, 12.49889168957251
264.4040720505797, 12.053568966332726
264.31879536499804, 11.597473358226978
264.62335495636125, 11.390099055322452
264.1813084637541, 15.571657906028697
264.16042437748916, 19.111715679025153
264.2091539121073, 18.703406948109098
264.2091539121073, 18.2888305314683
264.2091539121073, 17.8742541148275
264.2091539121073, 17.45967769818671
264.2091539121073, 17.04510128154591
264.2578834467254, 14.899968623339234
264.2741266249314, 16.492314359180234
264.2091539121073, 16.19082260483154
264.8426378621428, 13.458208054782204
264.940096931379, 12.987070940150744
265.03755600061527, 12.566185512384834
265.2405957281907, 12.013359560474356
265.46393942852376, 11.34981712129926
265.4761218121783, 10.836946674491777
265.5735808814145, 10.322074468751381
265.93296119922314, 9.754978660265728
266.00402510387454, 9.297982294095824
266.1583352968319, 8.724362778226038
266.3142698076099, 8.205234476129974
266.4228670561874, 7.66715178717925
266.1096057622138, 10.876169488594542
266.62474655674816, 7.197331181731407
266.20706483145, 10.386187991388496
266.7755760686614, 6.720166724656167
266.8811567270006, 6.207255599462144
266.59690110839495, 9.462703044166304
266.6456306430131, 9.123490382690377
267.0744505476525, 5.772837939755306
267.242567442085, 5.222534444367078
267.2888604999722, 8.704963257772988
267.1572907565033, 8.190548806347245
267.4927748602203, 4.745555878428938
267.8584546157306, 7.8228851372781065
267.7594485771414, 7.284502194148523
267.78074215529386, 4.320068932777858
267.8313826520539, 6.783311018098942
268.01005761232034, 6.352980440489972
268.16906977791626, 5.7836367743802555
268.32563936032335, 14.071909273270947
268.302434820029, 13.469221900126662
268.302434820029, 13.05464548348587
268.302434820029, 12.640069066845072
268.302434820029, 12.225492650204274
268.302434820029, 11.810916233563482
268.302434820029, 11.396339816922683
268.302434820029, 10.981763400281885
268.302434820029, 10.567186983641093
268.302434820029, 10.152610567000295
268.302434820029, 9.738034150359503
268.302434820029, 9.323457733718705
268.40801547836827, 5.253612293382773
268.4230984295596, 8.691361822185378
268.4756953875601, 8.107470211159061
268.77580744203357, 7.634181989178565
268.6922710969739, 7.171661667771517
268.7442492672333, 4.782407680597352
268.302434820029, 4.355393236783549
268.9546608987638, 6.775987238808867
269.11459373033097, 6.302416517265975
269.130836908537, 5.8514030359364995
269.2999570580939, 14.256171555002304
269.37448458162754, 13.640231416050355
269.37448458162754, 13.225654999409564
269.37448458162754, 12.811078582768765
269.37448458162754, 12.396502166127966
269.37448458162754, 11.981925749487175
269.37448458162754, 11.567349332846376
269.37448458162754, 11.152772916205578
269.37448458162754, 10.738196499564786
269.37448458162754, 10.332185711366982
269.32575504700947, 9.921734571512289
269.32575504700947, 9.50715815487149
269.32575504700947, 9.105772806032896
269.27702551239133, 5.376483269656653
269.3327164090977, 8.503558212166134
269.39072775983357, 7.960644124739545
269.40697093803965, 14.962374569628494
269.2282959777732, 16.830112773620833
269.2282959777732, 16.41553635698004
269.27702551239133, 16.051197852071333
269.32575504700947, 15.642889121155271
269.27702551239133, 15.341392775095422
269.51371182339363, 7.423993131326526
269.27702551239133, 5.033515506799269
269.79030994370214, 20.867676940061955
269.5694027201, 6.8739008874493095
269.91050946242683, 21.827719385996787
269.61813225471815, 21.390343155601904
269.8130503931906, 20.350706283036978
270.0796296119838, 23.884322155385526
270.00796853166304, 23.26996011634874
270.00796853166304, 22.864805890995235
269.95923899704496, 22.429379825923185
270.274820745048, 24.776762273397225
269.7643208585725, 24.405403042134587
270.37227981428424, 25.726132664268746
270.17364894936463, 25.249515670354775
270.4855179709206, 27.71238831199844
270.4465343432261, 27.13250628651467
270.4465343432261, 26.717929869873878
270.4855179709206, 26.319788439736854
270.05669806628117, 13.519548724083833
270.00796853166304, 13.061015856569135
270.02421170986906, 12.55221293534428
269.95923899704496, 12.231876798421006
269.95923899704496, 11.817300381780207
270.5671979527567, 28.57606609025259
270.414047986814, 28.098718358306442
270.05669806628117, 19.93920172115798
270.6646570219929, 32.69488215985851
270.6414524816986, 32.0936631801616
270.6414524816986, 31.6790867635208
270.6414524816986, 31.26451034688001
270.6414524816986, 30.84993393023921
270.6414524816986, 30.43535751359841
270.6414524816986, 30.02078109695762
270.6414524816986, 29.60620468031682
270.6414524816986, 29.191628263676023
271.34086462562914, 24.88160940587968
271.37780989370566, 25.925060459842904
271.4016332217412, 25.354697079409213
271.46376337837927, 27.516601306982928
271.42112503558843, 26.938457233735107
271.42112503558843, 26.523880817094316
271.46985457020656, 28.739128904617232
271.46985457020656, 28.16437523609249
271.12874782787975, 27.91007249726986
271.2749364317341, 32.79072625868613
271.2749364317341, 32.37614984204533
271.32366596635217, 31.917589424263717
271.32366596635217, 31.50301300762292
271.32366596635217, 31.088436590982127
271.32366596635217, 30.67386017434133
271.32366596635217, 30.25928375770053
271.32366596635217, 29.84470734105974
271.32366596635217, 29.43013092441894
271.43736821379446, 20.067581373302886
271.42112503558843, 20.749124468128073
271.64040794137, 19.51946651703605
271.78847075809426, 18.77181002237357
272.0741007994712, 18.146530647789973
271.8759340253575, 24.254051059087956
272.078973752933, 17.667881952882254
271.97339309459375, 24.882169594640423
271.9571499163877, 23.707541005869317
272.29825665871454, 17.25458957546764
272.15206805486014, 22.83122211561743
272.49317479718695, 16.748158994608254
272.73682247027756, 16.254367295486915
272.9263262160147, 15.834502758167488
273.27284735107685, 15.394702541589304
273.66268362802174, 14.947561709446823
274.44235618191163, 14.481656640960807
274.44235618191163, 14.067080224320009
274.44235618191163, 13.65250380767921
274.44235618191163, 13.237927391038419
274.44235618191163, 12.82335097439762
274.44235618191163, 12.408774557756828
274.44235618191163, 11.99419814111603
274.44235618191163, 11.579621724475231
274.40174823639654, 11.143928236952938
274.53981525114784, 10.603969094551559
275.5582625246664, 14.542499777487507
275.2707582704196, 13.970339966593471
275.17329920118334, 13.530665256786818
275.1245696665652, 13.16007284128684
275.1245696665652, 12.745496424646042
275.1245696665652, 12.33092000800525
275.1245696665652, 11.916343591364452
275.1245696665652, 11.501767174723653
275.1245696665652, 11.087190758082862
275.1570560229773, 10.647479314586981
276.56325116481435, 14.960650710069672
277.54052869868445, 15.378729186830796
278.1509302375851, 15.85660886678788
278.6087313917605, 16.33750711349048
278.1458008128884, 15.357730083380119
278.9071997912965, 16.83444333120263
279.16912103986886, 17.349056488928532
278.63309615906957, 15.791013131260883
279.48423869706596, 17.85611685577058
279.6751585147493, 18.302819709310718
279.1203915052507, 16.29967370943998
279.9115298319919, 18.83568226201689
279.4127687129594, 16.789545005578333
280.14114701988285, 19.49697933666807
279.70514592066814, 17.335949449440434
280.3573719994029, 19.9899238818125
280.5522901378754, 20.44938180252037
280.7589221067849, 20.913728703528037
280.22492762326135, 18.259177260838015
280.923384286121, 21.467908964244316
280.5335480091761, 18.89037683457459
281.10855651766985, 21.985090052831865
280.67973661303046, 19.27664535195313
281.3034746561423, 22.51016508004303
280.87465475150293, 19.8796104938059
281.4995393718999, 23.074110940914707
281.2157614938297, 24.25141082517461
281.06957288997535, 20.294131809912848
281.31322056306595, 20.887660985344866
281.6250895846219, 25.103061206424627
281.41067963230216, 24.590554610983233
281.5081387015384, 21.396404214324726
281.94670451310145, 25.766999221515604
282.2282529353394, 23.50153694610156
281.7030568400109, 21.914569634591878
282.31360924434375, 26.306246673242782
282.37065146427904, 27.50550922514182
282.3365407900464, 26.930422574072793
282.27156807722224, 26.663193333496068
282.48272939390074, 22.43571048368659
282.4681105335153, 29.209013859617087
282.4339998592826, 28.633241958272613
282.4339998592826, 28.21866554163182
282.31217602273733, 27.954022060577024
282.5546634688132, 61.45881705471966
282.5314589285189, 60.857108610540294
282.5314589285189, 60.4425321938995
282.5314589285189, 60.027955777258704
282.5314589285189, 59.61337936061791
282.5314589285189, 59.198802943977114
282.5314589285189, 58.784226527336315
282.5314589285189, 58.36965011069552
282.5314589285189, 57.955073694054725
282.5314589285189, 57.54049727741393
282.5314589285189, 57.125920860773135
282.5314589285189, 56.71134444413234
282.5314589285189, 56.29676802749154
282.5314589285189, 55.88219161085074
282.5314589285189, 55.46761519420995
282.5314589285189, 55.05303877756915
282.5314589285189, 54.63846236092836
282.5314589285189, 54.22388594428756
282.5314589285189, 53.80930952764676
282.5314589285189, 53.39473311100596
282.5314589285189, 52.98015669436517
282.5314589285189, 52.56558027772437
282.5314589285189, 52.15100386108358
282.5314589285189, 51.73642744444278
282.5314589285189, 51.32185102780198
282.5314589285189, 50.907274611161185
282.5314589285189, 50.49269819452039
282.5314589285189, 50.078121777879595
282.5314589285189, 49.6635453612388
282.5314589285189, 49.248968944598005
282.5314589285189, 48.834392527957206
282.5314589285189, 48.41981611131641
282.5314589285189, 48.005239694675616
282.5314589285189, 47.590663278034825
282.5314589285189, 47.176086861394026
282.5314589285189, 46.76151044475323
282.5314589285189, 46.34693402811243
282.5314589285189, 45.93235761147163
282.5314589285189, 45.51778119483084
282.5314589285189, 45.10320477819005
282.5314589285189, 44.68862836154925
282.5314589285189, 44.27405194490845
282.5314589285189, 43.85947552826765
282.5314589285189, 43.44489911162686
282.5314589285189, 43.03032269498606
282.5314589285189, 42.61574627834527
282.5314589285189, 42.20116986170447
282.5314589285189, 41.78659344506367
282.5314589285189, 41.372017028422874
282.5314589285189, 40.95744061178208
282.5314589285189, 40.54286419514129
282.5314589285189, 40.12828777850049
282.5314589285189, 39.713711361859694
282.5314589285189, 39.299134945218896
282.5314589285189, 38.884558528578104
282.5314589285189, 38.469982111937306
282.5314589285189, 38.055405695296514
282.5314589285189, 37.640829278655715
282.5314589285189, 37.22625286201492
282.5314589285189, 36.81167644537412
282.5314589285189, 36.39710002873333
282.5314589285189, 35.982523612092535
282.5314589285189, 35.56794719545174
282.5314589285189, 35.15337077881094
282.5314589285189, 34.73879436217015
282.5314589285189, 34.32421794552935
282.5314589285189, 33.90964152888856
282.5314589285189, 33.49506511224776
282.5314589285189, 33.08048869560696
282.5314589285189, 32.66591227896617
282.5314589285189, 32.25133586232537
282.5314589285189, 31.83675944568457
282.5314589285189, 31.42218302904378
282.5314589285189, 31.00760661240298
282.5314589285189, 30.593030195762182
282.5314589285189, 30.17845377912139
282.5704425562133, 29.772431970816818
282.74029979116796, 22.99109828244145
282.87256567084563, 23.971417462447306
283.14869970034835, 23.3882104536887
283.21367241317245, 21.825574007354057
283.3403692031796, 26.061755394773016
283.3711062942464, 21.264691686299358
283.3111314824087, 20.804009608975946
283.3111314824087, 20.389433192335147
283.3111314824087, 19.974856775694356
283.2705235368936, 19.550726886570104
283.4317950919393, 27.291011439947347
283.4085905516449, 26.6868556733557
283.4085905516449, 26.32367302737285
283.33771122856405, 22.493144024224733
283.3890987377977, 19.089948213130157
283.37860314572606, 29.298194815381244
283.5060496208812, 28.74257894940677
283.5060496208812, 28.32800253276598
283.5060496208812, 27.91342611612518
283.5199723450578, 18.678206325380387
283.16494287855437, 61.60042608265698
283.16494287855437, 61.18584966601618
283.16494287855437, 60.77127324937538
283.16494287855437, 60.35669683273459
283.16494287855437, 59.94212041609379
283.21367241317245, 59.527530224319534
283.21367241317245, 59.11295380767874
283.21367241317245, 58.698377391037944
283.21367241317245, 58.28380097439715
283.21367241317245, 57.869224557756354
283.21367241317245, 57.454648141115555
283.21367241317245, 57.040071724474764
283.21367241317245, 56.625495307833965
283.21367241317245, 56.210918891193174
283.21367241317245, 55.796342474552375
283.21367241317245, 55.38176605791158
283.21367241317245, 54.96718964127078
283.21367241317245, 54.55261322462999
283.21367241317245, 54.13803680798919
283.21367241317245, 53.7234603913484
283.21367241317245, 53.3088839747076
283.21367241317245, 52.8943075580668
283.21367241317245, 52.479731141426
283.21367241317245, 52.06515472478521
283.21367241317245, 51.65057830814442
283.21367241317245, 51.23600189150362
283.21367241317245, 50.82142547486282
283.21367241317245, 50.40684905822202
283.21367241317245, 49.99227264158123
283.21367241317245, 49.57769622494043
283.21367241317245, 49.16311980829964
283.21367241317245, 48.74854339165884
283.21367241317245, 48.33396697501804
283.21367241317245, 47.919390558377245
283.21367241317245, 47.50481414173645
283.21367241317245, 47.090237725095655
283.21367241317245, 46.67566130845486
283.21367241317245, 46.261084891814065
283.21367241317245, 45.846508475173266
283.21367241317245, 45.43193205853247
283.21367241317245, 45.017355641891676
283.2624019477906, 44.536810111106384
283.2624019477906, 44.12223369446559
283.2624019477906, 43.707657277824794
283.2624019477906, 43.293080861183995
283.2624019477906, 42.878504444543196
283.2624019477906, 42.463928027902405
283.2624019477906, 42.049351611261606
283.2624019477906, 41.634775194620815
283.2624019477906, 41.220198777980016
283.2624019477906, 40.80562236133922
283.2624019477906, 40.39104594469842
283.2624019477906, 39.97646952805763
283.2624019477906, 39.561893111416836
283.2624019477906, 39.14731669477604
283.2624019477906, 38.73274027813524
283.2624019477906, 38.31816386149444
283.2624019477906, 37.90358744485364
283.2624019477906, 37.48901102821285
283.2624019477906, 37.07443461157206
283.2624019477906, 36.65985819493126
283.2624019477906, 36.24528177829046
283.2624019477906, 35.83070536164966
283.2624019477906, 35.41612894500887
283.2624019477906, 35.00155252836807
283.2624019477906, 34.58697611172728
283.2624019477906, 34.17239969508648
283.2624019477906, 33.757823278445684
283.2624019477906, 33.34324686180489
283.2624019477906, 32.928670445164094
283.2624019477906, 32.514094028523296
283.2624019477906, 32.099517611882504
283.2624019477906, 31.684941195241706
283.2624019477906, 31.270364778600907
283.2624019477906, 30.855788361960116
283.3598610170268, 30.368947595183165
283.4085905516449, 29.97948324684169
283.4085905516449, 29.71566189079754
283.3696069239504, 22.984459455263753
283.80728674397494, 25.437874340730104
283.8958858978261, 25.0232728783921
284.285722174771, 21.913839552518446
284.4237891895223, 21.467816802041874
284.38318124400723, 21.04354415244358
284.38318124400723, 20.62896773580278
284.38318124400723, 20.214391319161983
284.38318124400723, 19.79981490252119
284.2045062837408, 27.4666739097176
284.1151688036076, 26.997159964978955
284.0420745016804, 26.66269283698032
284.0420745016804, 26.248116420339528
284.0420745016804, 25.83354000369873
284.54061512508116, 19.33933492470826
284.43191077862537, 28.697775953967458
284.43191077862537, 28.28319953732666
284.43191077862537, 27.911022981478673
284.6187073279948, 18.936332975655894
284.5374914369646, 18.458964908988925
284.71304270911446, 18.06656557419889
284.675558451716, 17.603505118937356
284.675558451716, 17.188928702296565
284.6698255652903, 16.733742750229986
284.8704765901884, 21.989051781215238
285.7151218569024, 20.638298927723568
285.536446896636, 20.17666206346901
285.59445824737185, 19.7436735410608
285.6696409579255, 18.888924935507802
285.7336854891379, 18.27108028806576
285.6891327717728, 17.73375877363256
285.5960052167248, 17.336378009148113
285.30904240175147, 16.891522318589764
285.98313429730206, 19.460449253578176
286.4639323722008, 21.138719680237436
286.50291599989527, 20.573691255936126
286.38109216335, 20.09947539897614
286.6479443767349, 21.898814161706234
286.38109216335, 18.964101348857596
286.52728076720433, 19.739820439444152
286.4298216979681, 19.27501988620473
287.1445215390338, 22.30876344542162
287.0633056480036, 21.291189744949982
287.5993305288029, 27.074550543189872
287.64806006342104, 26.657904600589298
287.40441239033044, 22.093864016692926
287.6967895980391, 26.238708004185696
287.8763194624217, 25.720381632359164
288.46253942775235, 25.6007737021042
289.0497507944951, 25.79997810647408
289.7217724810586, 25.277072059558208
289.8200050349713, 24.63394234563281
289.7028221064849, 24.16892303015485
289.78091430939855, 23.776430448307543
289.4997823789094, 21.582588918182942
290.1210839452904, 25.970798877287017
289.59724144814567, 20.913585786518375
289.64597098276374, 20.461306829594953
289.8408891212362, 19.930468286543736
290.27404054006394, 23.41236897663844
290.51660533460745, 26.497544598601444
290.54630714618423, 27.220801552573064
290.64376621542044, 30.14972946532685
290.62056167512605, 29.545736853562687
290.62056167512605, 29.13116043692189
290.62056167512605, 28.71658402028109
290.62056167512605, 28.3020076036403
290.62056167512605, 27.8874311869995
290.62056167512605, 27.54651917496843
290.74122528465665, 30.99500707626259
290.7180207443623, 30.505059688910826
290.74122528465665, 25.190937243291444
290.74122528465665, 22.716041665163054
290.8386843538929, 24.401240327994437
291.06887339361276, 22.125491723119275
291.1938503176922, 25.906895830586166
290.86420934821666, 17.982926142700947
291.05912748668914, 17.591850103744534
291.10785702130727, 17.150563703322952
291.10785702130727, 16.735987286682153
291.2053160905435, 16.313388733227647
291.2053160905435, 15.898812316586849
291.2053160905435, 15.484235899946057
291.2053160905435, 15.069659483305259
291.13784442722607, 14.632172611478786
291.3887684561646, 23.80292084025492
291.3027751597797, 23.261798975915553
291.3482560587566, 21.655559473494527
291.40023422901595, 21.181246166295516
291.36774787260384, 14.115288349265214
291.3515046943978, 13.59393168974627
291.3515046943978, 13.179355273105472
291.40023422901595, 12.753458451786472
291.35962628350086, 12.32633059270718
291.52089783854655, 26.743135024681116
291.6731196228774, 26.12535518596222
291.49769329825216, 20.762293495716747
291.5058148873552, 11.983949650535216
291.5673069191352, 20.31404671714497
291.32226697362694, 30.03001043637645
291.3027751597797, 29.462171884849113
291.69261143672463, 29.014364837161068
291.69261143672463, 28.59978842052027
291.69261143672463, 28.18521200387947
291.69261143672463, 27.77063558723868
291.69261143672463, 27.35605917059788
291.3515046943978, 31.089056471987867
291.3515046943978, 30.67448005534707
291.846494177624, 25.4008884369361
291.8814383833698, 22.908089082221224
291.83183867849067, 19.923624013089842
291.9281375207122, 24.838839912339004
291.9265132028916, 24.42175137052604
292.00123182263934, 11.581796108420626
292.136591641023, 22.27385113495002
292.12630429482584, 19.437355701502007
292.0499613572575, 11.012263215477589
292.1891885990235, 10.293594824057656
291.79007050596084, 15.88151575809934
291.79007050596084, 15.466939341458541
291.79007050596084, 15.052362924817743
291.79007050596084, 14.637786508176951
292.277365852142, 9.618392033447883
292.277365852142, 9.093974028538142
292.277365852142, 8.679397611897343
292.277365852142, 8.264821195256552
292.277365852142, 7.850244778615753
292.277365852142, 7.435668361974955
292.277365852142, 7.021091945334163
292.277365852142, 6.606515528693365
292.277365852142, 6.191939112052566
292.23675790662696, 5.7713782347795615
292.3898186243377, 24.022119490214457
292.32609538676013, 23.539721309941243
292.39431673522546, 5.1890422736267965
292.37482492137826, 4.602130922766392
292.37482492137826, 4.1875545061256005
292.37482492137826, 3.772978089484795
292.37482492137826, 3.3584016728439963
292.37482492137826, 2.9438252562031977
292.37482492137826, 2.5292488395624133
292.37482492137826, 2.1146724229216147
292.37482492137826, 1.7000960062808161
292.37482492137826, 1.2855195896400176
292.37482492137826, 0.870943172999219
292.37482492137826, 0.4563667563584204
292.37482492137826, 0.041790339717636016
292.37482492137826, -0.37278607692316257
292.37482492137826, -0.7873624935639612
292.37482492137826, -1.2019389102047597
292.32609538676013, -1.645257590056417
292.4397976342024, 21.557260121117174
292.44979343617536, 26.97922103252302
292.4235544559964, 26.424768731842768
292.4235544559964, 26.010192315201976
292.37482492137826, 21.03394306331913
292.0824477136696, 12.150245357531404
292.4235544559964, 20.60499524672614
292.37482492137826, 28.9216631981083
292.37482492137826, 28.5070867814675
292.37482492137826, 28.09251036482671
292.47228399061447, 27.549764596411833
292.7646611983232, -1.8042127908147592
292.58598623805676, 25.504488799005827
292.58598623805676, 23.01703029916105
292.54537829254167, 20.15426599231707
292.47228399061447, 19.034616257044213
292.64771031523975, 24.971803469728613
292.56974305985074, 24.549711340271514
292.53725670343863, 18.513236638969502
292.7321748419111, 22.451657496523218
292.66720212908695, 21.949158994712327
293.25195654450437, 11.210594761379966
293.1642433821917, 10.75168636253462
293.31193135634203, 10.285753493324698
293.42029493682145, 9.816589979632724
293.37865333451145, 9.368448070973095
293.37865333451145, 8.953871654332303
293.3494156137406, 8.538618252496143
293.3494156137406, 8.124041835855344
293.3494156137406, 7.709465419214553
293.3494156137406, 7.294889002573754
293.3494156137406, 6.8803125859329555
293.3494156137406, 6.465736169292164
293.3494156137406, 6.051159752651365
293.3494156137406, 5.636583336010567
293.4874826284919, 5.2371005000742485
293.4468746829768, 4.786845444198875
293.4468746829768, 4.372269027558083
293.4468746829768, 3.9576926109172845
293.4468746829768, 3.543116194276493
293.4468746829768, 3.1285397776356945
293.4468746829768, 2.713963360994896
293.4468746829768, 2.2993869443540973
293.4468746829768, 1.8848105277132987
293.4468746829768, 1.4702341110725143
293.4468746829768, 1.0556576944317158
293.4468746829768, 0.6684912888084824
293.1544974752681, 0.27044352957899775
293.1544974752681, -0.11775075145737901
293.10576794064997, -0.5087579147464822
293.0570384060319, -0.8526541215991443
293.0570384060319, -1.267230538239943
294.1290881676304, 11.635215157639962
294.24820480780807, 15.468338282790022
294.2265472368667, 14.935181621320012
294.2265472368667, 14.520605204679214
294.2265472368667, 14.106028788038422
294.2265472368667, 13.691452371397624
294.2265472368667, 13.276875954756825
294.2265472368667, 12.862299538116034
294.2265472368667, 12.447723121475235
294.30776312789686, 12.18730505825252
294.27040381802294, 10.889879878928227
294.2265472368667, 17.48636839678064
294.27527677148476, 16.988862921678233
294.27527677148476, 16.574286505037435
294.3240063061029, 16.17203081822108
294.3971006080301, 15.937311936182915
294.3860257137987, 10.378222207393485
294.25903359327873, 9.809785898559596
294.1290881676304, 9.360698180887965
294.1290881676304, 8.946121764247167
294.1290881676304, 8.531545347606368
294.1615745240425, 8.076130251965012
294.08035863301234, 7.702406289458239
294.08035863301234, 7.28782987281744
294.08035863301234, 6.8732534561766485
294.08035863301234, 6.45867703953585
294.08035863301234, 6.044100622895051
294.1290881676304, 5.629510431120799
294.1290881676304, 5.214934014480001
294.1290881676304, 4.800357597839209
294.1290881676304, 4.385781181198411
294.1290881676304, 3.971204764557612
294.1290881676304, 3.5566283479168135
294.1290881676304, 3.142051931276015
294.1290881676304, 2.7274755146352163
294.1290881676304, 2.3128990979944177
294.1290881676304, 1.8983226813536191
294.1290881676304, 1.4837462647128348
294.1290881676304, 0.9121333266171803
295.02871034519563, 11.676853359514958
294.9783743424033, 15.428349289005787
294.9574902561384, 14.863023715396963
294.9574902561384, 14.448447298756172
294.9574902561384, 14.033870882115373
295.0062197907565, 13.634356196400788
295.0062197907565, 13.219779779759989
295.0062197907565, 12.80520336311919
295.05494932537465, 12.369256204427067
294.81130165228404, 12.14947395005759
294.9087607215203, 16.031389210154487
295.23657759076946, 10.960444502823776
295.34732653308333, 10.46086574490701
295.39605606770147, 10.066147811120494
295.6327423787037, 9.686011732701786
296.0381393473754, 9.230464827940246
296.3280084172729, 8.689923222681976
296.63256800863616, 8.15277222472227
296.1757286215913, 9.774696041923399
296.66302396777246, 7.640003682595264
296.90380519765023, 7.1717484437459476
296.5655648985362, 9.284631893916583
297.08070569307057, 6.670501202517322
297.1953004228319, 6.195424702466205
296.85794210624493, 8.75690653102754
297.36351102790786, 5.74166240208482
297.4833044671774, 5.226548747843161
297.19904884857175, 8.097256714982954
297.6701010165469, 4.811919526524093
297.74653950222233, 4.222918588591554
297.3452374524261, 7.739172120665515
297.83253279860725, 3.6349970500523767
297.54015559089856, 7.13609677774506
297.97059981335855, 3.1723732958791544
298.0382797225504, 2.607022686511897
298.09413345813607, 1.8932345820573744
297.735073729371, 6.570710199973767
297.9787214024616, 5.703799725875712
298.4172872140246, 1.2384992986274455
298.52016067599624, 0.5486611245461432
298.4741383377458, -0.006188241412715456
298.27109861017027, 4.704964798622115
298.71453737519516, -0.581009867262523
298.7096644217333, -1.1626146610283143
298.7096644217333, -1.577191077669113
298.66905647621826, -2.006888625281306
298.4172872140246, 4.07363665697325
298.8314882582786, -2.4230813242481872
298.90458256020577, -2.9300883565991427
298.56347581787895, 3.649596723644791
298.6122053524971, 3.17847338414677
298.87459515428696, -3.5128061715156065
298.6609348871152, 2.726194427223348
298.7583939563514, 2.2173685474427174
298.9154113456765, -4.020166471284952
298.83960984738167, 1.7462360245224176
298.98038405850065, -4.499669683638359
299.09950069867824, -5.004837500199912
299.01596435361864, -5.487364682327367
299.0577325261484, -6.004250983058853
299.0507711640601, 1.1620004724653938
299.09950069867824, 0.690877132967401
299.1482302332964, 0.21975379346937984
299.1969597679145, -0.194836398304858
299.1969597679145, -6.432327030491379
299.1969597679145, -6.846903447132178
299.1969597679145, -7.261479863772976
299.17259500060544, -7.732582540570789
299.2456893025326, -8.005846750602416
299.2944188371507, -0.6659735129363185
299.2944188371507, -1.080549929577117
299.2944188371507, -1.4951263462179156
299.2944188371507, -1.9097027628587142
