% Model:              bicon_box_orientation_steel_fullwave_2.21.21.mph
% Version:            COMSOL 5.4.0.388
% Date:               Feb 23 2021, 12:54
% Table:              Table 6 - Point Evaluation 1 (abs(emw.Ex))
% freq (MHz)                                      abs(emw.Ex) (V/m), Point: (-0.04412, 0, 0.03)
10                                                1.0269326589380703
10.299999999999999                                1.0286379426445795
10.6                                              1.0303707869400605
10.9                                              1.0321582447896929
11.2                                              1.0339990493803553
11.5                                              1.0358941247270415
11.799999999999999                                1.037844528760092
12.1                                              1.0398509029179646
12.399999999999999                                1.0419137485817385
12.7                                              1.0440335547270614
13                                                1.0462108220427238
13.299999999999999                                1.0484460659628827
13.6                                              1.050739817541734
13.899999999999999                                1.053092624010055
14.2                                              1.0555050491547922
14.5                                              1.0579776736831157
14.799999999999999                                1.060511095551163
15.1                                              1.06310593032569
15.399999999999999                                1.065762811548831
15.7                                              1.068482391119101
16                                                1.0712653396871001
16.3                                              1.0741123470597118
16.599999999999998                                1.0770241226298414
16.9                                              1.0800013958082748
17.2                                              1.08304491648275
17.5                                              1.0861554554835666
17.8                                              1.0893338050733432
18.099999999999998                                1.0925807794522293
18.4                                              1.0958972152737194
18.7                                              1.099283972196149
19                                                1.1027419334314907
19.3                                              1.1062720063340554
19.599999999999998                                1.109875122995109
19.9                                              1.1135522408716196
20.2                                              1.1173043434244396
20.5                                              1.1211324407902155
20.8                                              1.1250375704727342
21.099999999999998                                1.129020798060668
21.4                                              1.1330832179694212
21.7                                              1.1372259542102383
22                                                1.1414501611900998
22.3                                              1.1457570245404751
22.599999999999998                                1.1501477619698395
22.9                                              1.1546236241585972
23.2                                              1.1591858956772083
23.5                                              1.1638358959456105
23.799999999999997                                1.1685749802229477
24.099999999999998                                1.173404540636608
24.4                                              1.1783260072520507
24.7                                              1.1833408491793438
25                                                1.1884505757224069
25.299999999999997                                1.1936567375754281
25.599999999999998                                1.198960928060667
25.9                                              1.2043647844157372
26.2                                              1.2098699891310738
26.5                                              1.2154782713381276
26.799999999999997                                1.2211914082545103
27.099999999999998                                1.227011226681035
27.4                                              1.2329396045627394
27.7                                              1.238978472609303
28                                                1.2451298159806967
28.299999999999997                                1.2513956760400708
28.599999999999998                                1.257778152177639
28.9                                              1.264279403709925
29.2                                              1.270901651855422
29.5                                              1.2774877553138857
29.799999999999997                                1.2841588103143171
30.099999999999998                                1.2913494543869095
30.4                                              1.2982700862842516
30.7                                              1.3057353268951652
31                                                1.3129120272611567
31.299999999999997                                1.3206639451732303
31.599999999999998                                1.3281066443899323
31.9                                              1.3361573478141247
32.199999999999996                                1.3441272242822797
32.5                                              1.3522424319607924
32.8                                              1.3605115433802764
33.1                                              1.3689371517202844
33.4                                              1.3775225774132882
33.699999999999996                                1.3862712682575913
34                                                1.3951867805332046
34.3                                              1.4042727822265437
34.6                                              1.413533057217832
34.9                                              1.4229715097135025
35.199999999999996                                1.4325921688878476
35.5                                              1.442399193747675
35.8                                              1.4523968782251395
36.1                                              1.4625896565130951
36.4                                              1.4729821086618304
36.699999999999996                                1.4835789664435053
37                                                1.494385119505872
37.3                                              1.5054056218285288
37.6                                              1.5166456985026533
37.9                                              1.528110752848376
38.199999999999996                                1.5398063738919663
38.5                                              1.5517383442283332
38.8                                              1.5639126482822978
39.1                                              1.5763354810029975
39.4                                              1.5890132570103987
39.699999999999996                                1.6019526202256698
40                                                1.6151604540134463
40.3                                              1.6286438918695991
40.6                                              1.6424103286875307
40.9                                              1.6564674326399254
41.199999999999996                                1.6708231577167298
41.5                                              1.6854857569597375
41.8                                              1.7004637964437856
42.1                                              1.7157661700470275
42.4                                              1.731402115068721
42.699999999999996                                1.74738122874994
43                                                1.7637134857581058
43.3                                              1.7804092566996979
43.6                                              1.7974793277385483
43.9                                              1.8149349213887493
44.199999999999996                                1.8327877185725947
44.5                                              1.851049882029501
44.8                                              1.8697340811756271
45.1                                              1.888853518518942
45.4                                              1.9084219577453987
45.699999999999996                                1.9284537535987776
46                                                1.9489638836934686
46.3                                              1.9699679824013552
46.6                                              1.9914823769779901
46.9                                              2.013524126098682
47.199999999999996                                2.0361110609970345
47.5                                              2.05926182941037
47.8                                              2.082995942558543
48.099999999999994                                2.1073338254057186
48.4                                              2.132296870475493
48.699999999999996                                2.1579074955058277
49                                                2.184189205289146
49.3                                              2.2111666580289095
49.599999999999994                                2.238865736625644
49.9                                              2.2673136253104893
50.199999999999996                                2.296538892106743
50.5                                              2.326571577639083
50.8                                              2.357443290870368
51.099999999999994                                2.389187312405594
51.4                                              2.421838706063958
51.699999999999996                                2.455434439512954
52                                                2.490013514816772
52.3                                              2.52561710988494
52.599999999999994                                2.562288731876444
52.9                                              2.600074383772298
53.199999999999996                                2.639022745439799
53.5                                              2.679185370692196
53.8                                              2.7206169020106796
54.099999999999994                                2.763375304802894
54.4                                              2.80752212330898
54.699999999999996                                2.853122760515436
55                                                2.900246784760103
55.3                                              2.948968266026681
55.599999999999994                                2.999366145354647
55.9                                              3.051524641223826
56.199999999999996                                3.10553369730352
56.5                                              3.161489476564522
56.8                                              3.219494907449788
57.099999999999994                                3.2796602886232957
57.4                                              3.342103959751655
57.699999999999996                                3.4069530468875113
58                                                3.474344292318323
58.3                                              3.5444249802614682
58.599999999999994                                3.6173539715654472
58.9                                              3.6933028627041615
59.199999999999996                                3.772457286820289
59.5                                              3.85501837757071
59.8                                              3.9412044200214313
60.099999999999994                                4.031345178773176
60.4                                              4.125523024943458
60.699999999999996                                4.224104124580583
61                                                4.32739730312602
61.3                                              4.43574024045462
61.599999999999994                                4.549503760929114
61.9                                              4.669095847623031
62.199999999999996                                4.794966412330007
62.5                                              4.927612820131125
62.8                                              5.067586308780744
63.099999999999994                                5.215499470671606
63.4                                              5.3720349741754525
63.699999999999996                                5.537955390973241
64                                                5.714131824587645
64.3                                              5.901495982991091
64.6                                              6.101152568190792
64.89999999999999                                 6.314339804501752
65.2                                              6.542456996442939
65.5                                              6.787108644895842
65.8                                              7.050137681888515
66.1                                              7.333671299365132
66.39999999999999                                 7.640177927059861
66.7                                              7.972538502152685
67                                                8.334136384268815
67.3                                              8.728971862895197
67.6                                              9.161809478055627
67.89999999999999                                 9.638369674023767
68.2                                              10.165581172185894
68.5                                              10.751917756792587
68.8                                              11.407854357509922
69.1                                              12.146494821269506
69.39999999999999                                 12.983985163221739
69.7                                              13.942537216598792
70                                                15.049744641459275
70.3                                              16.342963937042423
70.6                                              17.87320959559138
70.89999999999999                                 19.71202516232235
71.2                                              21.962964611313694
71.5                                              24.78174963030811
71.8                                              28.41385325812617
72.1                                              33.270044550192274
72.39999999999999                                 40.09499953929518
72.7                                              50.38529647641502
73                                                67.6789175553315
73.3                                              102.8073931462606
73.6                                              212.70578386327372
73.89999999999999                                 3323.7452386708587
74.2                                              189.42522990243089
74.5                                              97.72006069139228
74.8                                              65.95141331200837
75.1                                              49.83260951272696
75.39999999999999                                 40.08617020170035
75.7                                              33.55753441722675
76                                                28.87897296166286
76.3                                              25.362701396929015
76.6                                              22.623612688245395
76.89999999999999                                 20.42985623298996
77.2                                              18.633532591105133
77.5                                              17.135792943906385
77.8                                              15.868062739589886
78.1                                              14.78128298791293
78.39999999999999                                 13.839560593191926
78.7                                              13.015322720956386
79                                                12.288422179598212
79.3                                              11.643070542213163
79.6                                              11.065159623384165
79.89999999999999                                 10.54551848477977
80.2                                              10.075677356556254
80.5                                              9.648868130563326
80.8                                              9.259497877086723
81.1                                              8.902903565671442
81.39999999999999                                 8.57516659355174
81.7                                              8.272969964158888
82                                                7.993487127322429
82.3                                              7.734294587256565
82.6                                              7.493302554304173
82.89999999999999                                 7.268699438946354
83.2                                              7.058907068522806
83.5                                              6.862544285444742
83.8                                              6.678397152197769
84.1                                              6.505394405274349
84.39999999999999                                 6.3425871099986475
84.7                                              6.189131700715465
85                                                6.044275766849107
85.3                                              5.9073460797304325
85.6                                              5.777738458482385
85.89999999999999                                 5.6549091533747955
86.2                                              5.538367487454259
86.5                                              5.427669546011232
86.8                                              5.322412741085331
87.1                                              5.22223110553751
87.39999999999999                                 5.126791183772497
87.7                                              5.035788357018604
88                                                4.948943203671341
88.3                                              4.865995779891675
88.6                                              4.786711275812964
88.89999999999999                                 4.710957210863081
89.2                                              4.638381708545185
89.5                                              4.568900871601763
89.8                                              4.502324266181342
90.1                                              4.438496031615767
90.39999999999999                                 4.377271216415915
90.7                                              4.318554000751977
91                                                4.261998048385232
91.3                                              4.2078126691683995
91.6                                              4.155751609097435
91.89999999999999                                 4.105708874631671
92.2                                              4.057590497738612
92.5                                              4.011308585404589
92.8                                              3.966780940062653
93.1                                              3.9239306306099824
93.39999999999999                                 3.8826855927085417
93.7                                              3.8429782657274525
94                                                3.804745262970765
94.3                                              3.7679270735947394
94.6                                              3.7324678022034377
94.89999999999999                                 3.6983150149663473
95.19999999999999                                 3.66542113773235
95.5                                              3.6337327087035343
95.8                                              3.603213767410296
96.1                                              3.5738182827576503
96.39999999999999                                 3.5455102194737567
96.69999999999999                                 3.518251347296051
97                                                3.4920072584976167
97.3                                              3.4667452572052744
97.6                                              3.4424344927203525
97.89999999999999                                 3.419045845935787
98.19999999999999                                 3.396551829651159
98.5                                              3.3749264970586377
98.8                                              3.3541453574559
99.1                                              3.3341852988432175
99.39999999999999                                 3.3150245172384096
99.69999999999999                                 3.2966424529002443
100                                               3.2790197343782106
100.3                                             3.2621381329491803
100.6                                             3.2459805342052817
100.89999999999999                                3.2305309458322964
101.19999999999999                                3.2157746030863867
101.5                                             3.201698419908839
101.8                                             3.1882932270169855
102.1                                             3.1755757572841654
102.39999999999999                                3.1634944589923646
102.69999999999999                                3.151821956596093
103                                               3.1409711732819763
103.3                                             3.1307108577214677
103.6                                             3.1210458881567806
103.89999999999999                                3.1119721085988363
104.19999999999999                                3.1034824635282323
104.5                                             3.095570480804276
104.8                                             3.0882302041230587
105.1                                             3.081456292610697
105.39999999999999                                3.0752441566237834
105.69999999999999                                3.069590504443956
106                                               3.0644980622838394
106.3                                             3.0599449814433357
106.6                                             3.0559337291890536
106.89999999999999                                3.0524612041598878
107.19999999999999                                3.0495433324650376
107.5                                             3.047172369373057
107.8                                             3.0453433398610557
108.1                                             3.0440575119622695
108.39999999999999                                3.043315798403429
108.69999999999999                                3.0431196807511647
109                                               3.0434712193651756
109.3                                             3.044373067159546
109.6                                             3.0458284826910713
109.89999999999999                                3.04784134354379
110.19999999999999                                3.050416160934375
110.5                                             3.053558095931577
110.8                                             3.057272977509933
111.1                                             3.0615673225878326
111.39999999999999                                3.0664483581242594
111.69999999999999                                3.0719240452048027
112                                               3.0780031045267053
112.3                                             3.084695040468211
112.6                                             3.0920101484856657
112.89999999999999                                3.099959385061228
113.19999999999999                                3.1086275031009385
113.5                                             3.1178592534699785
113.8                                             3.127830092499155
114.1                                             3.1383371417384143
114.39999999999999                                3.1496821923463814
114.69999999999999                                3.161728874131978
115                                               3.174515049593783
115.3                                             3.1881625547728403
115.6                                             3.202466746789639
115.89999999999999                                3.2176448296356317
116.19999999999999                                3.2336065281347066
116.5                                             3.2504277372541406
116.8                                             3.2681311214701823
117.1                                             3.2867467263829644
117.39999999999999                                3.3063060469827783
117.69999999999999                                3.326842809661207
118                                               3.348393079967528
118.3                                             3.3709954344882496
118.6                                             3.394691157510605
118.89999999999999                                3.419524461890514
119.19999999999999                                3.4455427378157975
119.5                                             3.472796835828913
119.8                                             3.5013413942140623
120.1                                             3.531235227681133
120.39999999999999                                3.5625418080419875
120.69999999999999                                3.595329897797245
121                                               3.629674470223964
121.3                                             3.6656582444854227
121.6                                             3.703374764288375
121.89999999999999                                3.74293616794951
122.19999999999999                                3.7844995026204633
122.5                                             3.8284105433590527
122.8                                             3.874938049549234
123.1                                             3.911316778008172
123.39999999999999                                3.969643562340528
123.69999999999999                                4.0221677873807575
124                                               4.077648713667397
124.3                                             4.135886655773504
124.6                                             4.19713177367051
124.89999999999999                                4.261612190464463
125.19999999999999                                4.329566628710042
125.5                                             4.401252979056421
125.8                                             4.476953353849746
126.1                                             4.556978338978557
126.39999999999999                                4.641671083531652
126.69999999999999                                4.731410794432616
127                                               4.826610946151724
127.3                                             4.927770519288117
127.6                                             5.035442960076256
127.89999999999999                                5.150230706946567
128.2                                             5.272555412908108
128.5                                             5.4037196985547915
128.79999999999998                                5.5442560627886275
129.1                                             5.695083732538302
129.4                                             5.857424078643136
129.7                                             6.032752511348496
130                                               6.222524412896194
130.29999999999998                                6.428532934832445
130.6                                             6.652895937777791
130.9                                             6.898115548903176
131.2                                             7.167174492228496
131.5                                             7.463648676374832
131.79999999999998                                7.791827164933408
132.1                                             8.156747884952997
132.4                                             8.565613765800162
132.7                                             9.026496739636839
133                                               9.549126083553242
133.29999999999998                                10.147998667063483
133.6                                             10.840004205187734
133.9                                             11.648826991001476
134.2                                             12.60674191987983
134.5                                             13.758706008426064
134.79999999999998                                15.1703129962931
135.1                                             16.940252291517247
135.4                                             19.22450738029651
135.7                                             22.28499100465806
136                                               26.599168388475267
136.29999999999998                                33.131188836309505
136.6                                             44.186588891458975
136.9                                             66.94515481525401
137.2                                             140.8879106872653
137.5                                             1121.5875563096852
137.79999999999998                                110.68208874871178
138.1                                             57.68456392390366
138.4                                             38.761016578090675
138.7                                             29.043130178631472
139                                               23.129574857932358
139.29999999999998                                19.152460751938513
139.6                                             16.292782096234372
139.9                                             14.138494767629576
140.2                                             12.456686501164487
140.5                                             11.107882377600074
140.79999999999998                                10.001793969074683
141.1                                             9.078313795422963
141.4                                             8.295467282554199
141.7                                             7.623672204885546
142                                               7.046197154101316
142.29999999999998                                6.5284721447887115
142.6                                             6.077240845453966
142.9                                             5.675466793181709
143.2                                             5.315414222067069
143.5                                             4.991029183882856
143.79999999999998                                4.697173181253711
144.1                                             4.429678145502705
144.4                                             4.185099688199462
144.7                                             3.960566738481514
145                                               3.75366118609035
145.29999999999998                                3.562331505526174
145.6                                             3.384893702759243
145.9                                             3.2197559347067886
146.2                                             3.065910163551034
146.5                                             2.921893262936397
146.79999999999998                                2.7868509565935033
147.1                                             2.6599620016592973
147.4                                             2.540475397059043
147.7                                             2.4276118744639508
148                                               2.3209783416992127
148.29999999999998                                2.2199028322594665
148.6                                             2.124010665086682
148.9                                             2.0330404852056336
149.2                                             1.9460938622467174
149.5                                             1.863275021829005
149.79999999999998                                1.7841629964052583
150.1                                             1.7084812423397644
150.4                                             1.6359761644262234
150.7                                             1.5664161166725195
151                                               1.4995882951692825
151.29999999999998                                1.4352954799495863
151.6                                             1.3734857644227005
151.9                                             1.3138042830504928
152.2                                             1.256178768469023
152.5                                             1.2004704340454753
152.79999999999998                                1.14654089755206
153.1                                             1.094446177804696
153.4                                             1.0437971284996086
153.7                                             0.9945121788417285
154                                               0.9466545537545588
154.29999999999998                                0.9000920162168347
154.6                                             0.8547202788689605
154.9                                             0.810589813273383
155.2                                             0.7673546729642107
155.5                                             0.7252483491488209
155.79999999999998                                0.6840102305416406
156.1                                             0.6436016000795535
156.4                                             0.6039483464539758
156.7                                             0.5650526969216123
157                                               0.5268552727921303
157.29999999999998                                0.48930448271056065
157.6                                             0.4525070253419371
157.9                                             0.41596340796184594
158.2                                             0.3800050297498093
158.5                                             0.3445407183100053
158.79999999999998                                0.3094811197248596
159.1                                             0.2748528338750398
159.4                                             0.24052949203932625
159.7                                             0.20650911911235978
160                                               0.17276638913927636
160.29999999999998                                0.1392644662415646
160.6                                             0.1059523031895381
160.9                                             0.07280789506230534
161.2                                             0.039793813657526156
161.5                                             0.006935175205276432
161.79999999999998                                0.025893887005520044
162.1                                             0.05868370832420305
162.4                                             0.09146342747151043
162.7                                             0.1243102954154561
163                                               0.15715696651698033
163.29999999999998                                0.19006519534651337
163.6                                             0.22315555555562286
163.9                                             0.256361514433305
164.2                                             0.2897470238911201
164.5                                             0.3233264792609383
164.79999999999998                                0.35721071245296976
165.1                                             0.39152692231528674
165.4                                             0.4258141271497737
165.7                                             0.46044772517747656
166                                               0.49558063876327524
166.29999999999998                                0.5310747356304967
166.6                                             0.5669825841175568
166.9                                             0.6033202480709016
167.2                                             0.6404243005723734
167.5                                             0.6776457051072715
167.79999999999998                                0.7150502448630709
168.1                                             0.7531405056415679
168.4                                             0.7907470489908979
168.7                                             0.8251781174493323
169                                               0.7803501538266924
169.29999999999998                                0.945225074174752
169.6                                             0.9757549322251967
169.9                                             1.0169993434942737
170.2                                             1.0611144353391062
170.5                                             1.1069000160297495
170.79999999999998                                1.1542362735973668
171.1                                             1.2029719792637845
171.4                                             1.2533154268057534
171.7                                             1.3051692856070538
172                                               1.3586363013310851
172.29999999999998                                1.4138498633948735
172.6                                             1.4708519391053811
172.9                                             1.5297776431240413
173.2                                             1.590738240062758
173.5                                             1.6538756209948673
173.79999999999998                                1.7193439997871047
174.1                                             1.7871278649091158
174.4                                             1.85759829937984
174.7                                             1.93074002253784
175                                               2.0048329755319276
175.29999999999998                                2.0901705338524708
175.6                                             2.1713984290068336
175.9                                             2.25823551448653
176.2                                             2.349029581417346
176.5                                             2.4441865702609524
176.79999999999998                                2.5439981904789652
177.1                                             2.6488795463898835
177.4                                             2.7591621015903844
177.7                                             2.875284277341879
178                                               2.9979009465546365
178.29999999999998                                3.1273498204207897
178.6                                             3.264540419308482
178.9                                             3.4100083520966766
179.2                                             3.5643569992573867
179.5                                             3.7286589216362858
179.79999999999998                                3.904093245535339
180.1                                             4.091387361090299
180.4                                             4.292358209050377
180.7                                             4.510009156335653
181                                               4.739612787244744
181.29999999999998                                4.990679666342798
181.6                                             5.262383371253841
181.9                                             5.55726930939026
182.2                                             5.879346503509918
182.5                                             6.231770062201609
182.79999999999998                                6.619186736052541
183.1                                             7.046950179539838
183.4                                             7.5217042734156125
183.7                                             8.051538804380412
184                                               8.646514185074148
184.29999999999998                                9.319284385638545
184.6                                             10.085988416876816
184.9                                             10.967540221583693
185.2                                             11.991536709959364
185.5                                             13.19534484553774
185.79999999999998                                14.62990156623794
186.1                                             16.368253489060592
186.4                                             18.51747080216726
186.7                                             21.2415646374525
187                                               24.805906862267836
187.29999999999998                                29.665701063282288
187.6                                             36.681347484358334
187.9                                             47.690910040986516
188.2                                             67.44353646834536
188.5                                             113.17696470127753
188.79999999999998                                334.22678524611473
189.1                                             369.5290577758607
189.39999999999998                                121.05875519912307
189.7                                             73.13962064543536
190                                               52.78712724563673
190.29999999999998                                41.534304417765426
190.6                                             34.39812536484215
190.89999999999998                                29.47188935639479
191.2                                             25.87213583675348
191.5                                             23.125281332622947
191.79999999999998                                20.964880662352847
192.1                                             19.21190812959077
192.39999999999998                                17.78753081942806
192.7                                             16.588731258036713
193                                               15.572450126052608
193.29999999999998                                14.701271345510921
193.6                                             13.94724849060253
193.89999999999998                                13.289251385242347
194.2                                             12.710988999744579
194.5                                             12.199702417288593
194.79999999999998                                11.745493046640712
195.1                                             11.340147908614515
195.39999999999998                                10.975892970034637
195.7                                             10.64947239671014
196                                               10.354980763626203
196.29999999999998                                10.089182934449353
196.6                                             9.848434898869792
196.89999999999998                                9.630425240218193
197.2                                             9.433052759068058
197.5                                             9.25410467671538
197.79999999999998                                9.092170629098934
198.1                                             8.94573745206659
198.39999999999998                                8.813530111216886
198.7                                             8.69461962328748
199                                               8.5880012368533
199.29999999999998                                8.492911521241377
199.6                                             8.408822831329946
199.89999999999998                                8.334900825298408
200.2                                             8.271173496921332
200.5                                             8.217134754035811
200.79999999999998                                8.17486168080565
201.1                                             8.132071000500662
201.39999999999998                                8.105854338070374
201.7                                             8.090662367837648
202                                               8.075545024674163
202.29999999999998                                8.073196789369808
202.6                                             8.079097758765517
202.89999999999998                                8.093719881174774
203.2                                             8.116934626938075
203.5                                             8.14900849807999
203.79999999999998                                8.19023898433853
204.1                                             8.240834957119676
204.39999999999998                                8.301447904994028
204.7                                             8.37239407090005
205                                               8.454442318063421
205.29999999999998                                8.548253987948522
205.6                                             8.654407363715068
205.89999999999998                                8.77422599919837
206.2                                             8.909177630321564
206.5                                             9.059952341062194
206.79999999999998                                9.228398430932009
207.1                                             9.416692528259462
207.39999999999998                                9.626937686374628
207.7                                             9.86234077904893
208                                               10.124667986227399
208.29999999999998                                10.419839914037114
208.6                                             10.75192141384439
208.89999999999998                                11.126899363436094
209.2                                             11.552949816044798
209.5                                             12.039656922443832
209.79999999999998                                12.600788837378339
210.1                                             13.272459564452964
210.39999999999998                                13.991376075380549
210.7                                             14.890212157986028
211                                               15.970473795399135
211.29999999999998                                17.28885069587095
211.6                                             18.93707869308361
211.89999999999998                                21.05495934933656
212.2                                             23.879166866123875
212.5                                             27.841695309146022
212.79999999999998                                33.867762826873125
213.1                                             41.381101526582945
213.39999999999998                                62.46046942236879
213.7                                             120.78122814050855
214                                               92841.45400918195
214.29999999999998                                111.15468467393514
214.6                                             53.122044293415875
214.89999999999998                                33.68719012350702
215.2                                             23.901395622949874
215.5                                             17.969154160456554
215.79999999999998                                13.954710467954731
216.1                                             11.027752139905658
216.39999999999998                                8.769907480793027
216.7                                             6.947848913457508
217                                               5.4183893955855025
217.29999999999998                                4.08827838929402
217.6                                             2.890337292597239
217.89999999999998                                1.7742318206521763
218.2                                             0.697221610143802
218.5                                             0.38067147376908933
218.79999999999998                                1.5018477480584906
219.1                                             2.716830895293975
219.39999999999998                                4.093534797458717
219.7                                             5.731362969028563
220                                               7.79786059897321
220.29999999999998                                10.58676239797596
220.6                                             14.707686276938245
220.89999999999998                                21.65205871141744
221.2                                             36.36009202604454
221.5                                             90.78160304583174
221.79999999999998                                257.66612938653566
222.1                                             56.83568120118897
222.39999999999998                                32.882117914633696
222.7                                             23.508613501689116
223                                               18.47660588464547
223.29999999999998                                15.318113460307002
223.6                                             13.140021977460826
223.89999999999998                                11.540018586001
224.2                                             10.309753828440902
224.5                                             9.32453321213959
224.79999999999998                                8.54073813843495
225.1                                             7.873159026754142
225.39999999999998                                7.308522572196037
225.7                                             6.822987876310853
226                                               6.40039073212622
226.29999999999998                                6.028830131578679
226.6                                             5.699283194831801
226.89999999999998                                5.40482573392742
227.2                                             5.137563415982318
227.5                                             4.900469895761562
227.79999999999998                                4.681407114032102
228.1                                             4.482854866993069
228.39999999999998                                4.298824481327167
228.7                                             4.130296423419826
229                                               3.9740452444247665
229.29999999999998                                3.8302997558876757
229.6                                             3.6961163805731463
229.89999999999998                                3.5709711071812253
230.2                                             3.454225882188481
230.5                                             3.3450401902118934
230.79999999999998                                3.242725725488693
231.1                                             3.1467121112977736
231.39999999999998                                3.056392832500176
231.7                                             2.9715502101052476
232                                               2.891058146067188
232.29999999999998                                2.8167735309754067
232.6                                             2.7459942589535853
232.89999999999998                                2.6791248431754497
233.2                                             2.6167918418099094
233.5                                             2.5584207226133575
233.79999999999998                                2.504467027426241
234.1                                             2.4555303476161385
234.39999999999998                                2.413041598180497
234.7                                             2.3806443261003
235                                               2.3693625283803046
235.29999999999998                                2.448842481440415
235.6                                             0.30601818323252805
235.89999999999998                                1.931144928402358
236.2                                             1.9814347272864763
236.5                                             1.975395343524379
236.79999999999998                                1.955158277253602
237.1                                             1.9301758071060868
237.39999999999998                                1.9024525661458775
237.7                                             1.8746545378298596
238                                               1.8470011708565746
238.29999999999998                                1.8198678910046333
238.6                                             1.7935360326782646
238.89999999999998                                1.7680438281599944
239.2                                             1.74255809681746
239.5                                             1.7190325146671246
239.79999999999998                                1.6878575282381212
240.1                                             1.5808001066527142
240.39999999999998                                1.6470138517331105
240.7                                             1.631294811838283
241                                               1.6123542340851158
241.29999999999998                                1.5945856789723873
241.6                                             1.5785967522115945
241.89999999999998                                1.5653008851571757
242.2                                             1.5590733768726417
242.5                                             1.6072976036969187
242.79999999999998                                1.433781584214522
243.1                                             1.4585922381221075
243.39999999999998                                1.4563775546555258
243.7                                             1.4456317927891427
244                                               1.4348757858659535
244.29999999999998                                1.422569203725888
244.6                                             1.4116498395178954
244.89999999999998                                1.4011743022871819
245.2                                             1.3906427577706948
245.5                                             1.3807202888514192
245.79999999999998                                1.3712115998490788
246.1                                             1.362445951721463
246.39999999999998                                1.3542733005782042
246.7                                             1.3489051731965513
247                                               1.3287279970824915
247.29999999999998                                1.3276024098495651
247.6                                             1.3210984055747732
247.89999999999998                                1.3150497213861847
248.2                                             1.3092471220892663
248.5                                             1.3038217517243167
248.79999999999998                                1.2988555356440956
249.1                                             1.2943593247639633
249.39999999999998                                1.2917887974663287
249.7                                             1.2862271723494094
250                                               1.28225839966578
250.29999999999998                                1.2809330434919861
250.6                                             1.2779712102129221
250.89999999999998                                1.2760676604381564
251.2                                             1.2743230888525192
251.5                                             1.27311250172484
251.79999999999998                                1.2732770142521634
252.1                                             1.272489159636333
252.39999999999998                                1.272745064465761
252.7                                             1.2742085626353838
253                                               1.2754214476616306
253.29999999999998                                1.2784952334912958
253.6                                             1.3186183407667542
253.89999999999998                                1.2759185033913019
254.2                                             1.2816548008187427
254.5                                             1.2844132027562056
254.79999999999998                                1.2886955760088765
255.1                                             1.2931724561400153
255.39999999999998                                1.298234047762444
255.7                                             1.3037740598188186
256                                               1.3097965464821597
256.3                                             1.316308423068256
256.59999999999997                                1.3235007004010788
256.9                                             1.333873804020335
257.2                                             1.3393407777133435
257.5                                             1.348236630483355
257.8                                             1.3577991398653717
258.09999999999997                                1.368025509515747
258.4                                             1.37856590190383
258.7                                             1.3896840961944854
259                                               1.4024861657483922
259.3                                             1.4162388253349063
259.59999999999997                                1.4291956375968733
259.9                                             1.4441663603825026
260.2                                             1.4591035822463128
260.5                                             1.4758054303411154
260.8                                             1.493129265542001
261.09999999999997                                1.5115455397376325
261.4                                             1.5309703527201157
261.7                                             1.5515326700574816
262                                               1.573207907493159
262.3                                             1.5962431459965403
262.59999999999997                                1.620370525903495
262.9                                             1.646598139740482
263.2                                             1.674105615094122
263.5                                             1.7193149007301367
263.8                                             1.7306591232878135
264.09999999999997                                1.7640139989735983
264.4                                             1.7984514670907883
264.7                                             1.835052264948234
265                                               1.849641220720045
265.3                                             1.9173523731431155
265.59999999999997                                1.9698640922208752
265.9                                             1.958424639640214
266.2                                             2.041301537844238
266.5                                             2.0908715366035113
266.8                                             2.1508163254714474
267.09999999999997                                2.211687568215673
267.4                                             2.276089754688769
267.7                                             2.3446794391727814
268                                               2.4162454028651124
268.3                                             2.507714966168257
268.59999999999997                                2.5897417908493714
268.9                                             2.682944562455563
269.2                                             2.785188282021275
269.5                                             2.897133376672681
269.8                                             3.0193321576961973
270.09999999999997                                3.155541687638861
270.4                                             3.305302688882057
270.7                                             3.472427298500858
271                                               3.659187549633126
271.3                                             3.8694013635406206
271.59999999999997                                4.106906668125422
271.9                                             4.372102903963253
272.2                                             4.72594997272325
272.5                                             5.07700323502554
272.8                                             5.4814112926516545
273.09999999999997                                6.185315731838481
273.4                                             6.808009809985808
273.7                                             7.659176675829701
274                                               8.788214219086388
274.3                                             10.348232076185182
274.59999999999997                                12.640490956639033
274.9                                             16.349226510618333
275.2                                             23.048007518358947
275.5                                             41.063302016152925
275.8                                             195.45083138816864
276.09999999999997                                68.3272277185958
276.4                                             28.586371056405028
276.7                                             17.856726383684688
277                                               12.856144099774198
277.3                                             9.956250735149501
277.59999999999997                                8.062478037281297
277.9                                             6.721657121664764
278.2                                             5.644568525095741
278.5                                             4.927299781716791
278.8                                             4.300990016243606
279.09999999999997                                3.7817687983973682
279.4                                             3.325617418708229
279.7                                             2.988850460541278
280                                               2.654277044064808
280.3                                             2.381495614911773
280.59999999999997                                2.1081971576531524
280.9                                             1.8698756580126572
281.2                                             1.6581814801222934
281.5                                             1.4534391855457411
281.8                                             1.2598305933512797
282.09999999999997                                1.0869567135528244
282.4                                             0.9180022030714202
282.7                                             0.752582812156636
283                                               0.5916849863394301
283.3                                             0.4338181965748667
283.59999999999997                                0.2775861894552663
283.9                                             0.12132883146150215
284.2                                             0.03929973384195515
284.5                                             0.1887511987594315
284.8                                             0.35292878981233955
285.09999999999997                                0.5199196099212499
285.4                                             0.6926295727361332
285.7                                             0.8725353319401878
286                                               1.0612798862043655
286.3                                             1.2606992388913634
286.59999999999997                                1.4729478711270418
286.9                                             1.700573790697408
287.2                                             1.9419599343984657
287.5                                             2.2093235325682072
287.8                                             2.5030155447197218
288.09999999999997                                2.8188918418922757
288.4                                             3.172325264976748
288.7                                             3.5670386125088633
289                                               4.0115027213122225
289.3                                             4.516051672412436
289.59999999999997                                5.092429958020423
289.9                                             5.6925025877844275
290.2                                             6.6064680974720895
290.5                                             7.55743713647555
290.8                                             8.78134846290548
291.09999999999997                                10.045885200689412
291.4                                             11.925455756817174
291.7                                             14.360178045775294
292                                               17.75524443055084
292.3                                             21.37504043499477
292.59999999999997                                30.563070539716463
292.9                                             51.556135166610076
293.2                                             70.22220301403405
293.5                                             245.62754648050566
293.8                                             208.03363477066884
294.09999999999997                                76.68755360929833
294.4                                             48.32212627720729
294.7                                             35.93855933189484
295                                               29.01198181488248
295.3                                             24.599948562048212
295.59999999999997                                21.558372262274833
295.9                                             19.323730202844942
296.2                                             17.675112565049165
296.5                                             16.50138637075525
296.8                                             15.039359775470526
297.09999999999997                                14.321002009030808
297.4                                             13.645649904604712
297.7                                             13.079401070716116
298                                               12.59402360430241
298.3                                             12.21301837483513
298.59999999999997                                11.864761268704038
298.9                                             11.591230106687924
299.2                                             11.360572055376222
299.5                                             11.172258361893045
299.8                                             11.02137970704165
