% Model:              bicon_box_fullwave_3.1.21.mph
% Version:            COMSOL 5.4.0.388
% Date:               Apr 2 2021, 10:34
% Table:              Table 5 - magnitude v (abs(emw.Vport_1))
% freq (MHz)                                      abs(emw.Vport_1) (V)
10                                                0.10997895278169934
10.29029029029029                                 0.11317794091023742
10.58058058058058                                 0.11663716352371165
10.87087087087087                                 0.1200766691901934
11.16116116116116                                 0.12351525786232473
11.451451451451451                                0.12698254889630786
11.741741741741743                                0.13048401952148223
12.032032032032031                                0.13401818136629348
12.322322322322321                                0.13758371381965578
12.612612612612612                                0.14118004116422309
12.902902902902902                                0.1448069880469195
13.193193193193192                                0.14846461550556672
13.483483483483484                                0.15215316394010311
13.773773773773774                                0.15587301715480192
14.064064064064064                                0.1596246724393317
14.354354354354355                                0.16340871688220526
14.644644644644643                                0.16705574387530586
14.934934934934935                                0.17073784323315064
15.225225225225225                                0.17484305644137174
15.515515515515515                                0.17870008526801467
15.805805805805806                                0.18248927357142106
16.096096096096097                                0.18666027361600798
16.386386386386388                                0.1905093552999159
16.676676676676678                                0.1947585200399624
16.966966966966968                                0.19868182146489666
17.257257257257255                                0.20301677997699435
17.54754754754755                                 0.20701653154496608
17.837837837837835                                0.21144240199386247
18.12812812812813                                 0.21552157764114016
18.41841841841842                                 0.22004348475643346
18.70870870870871                                 0.22448710277921613
18.998998998999                                   0.22889752538456856
19.289289289289286                                0.23308340027639368
19.57957957957958                                 0.23780730847845802
19.869869869869873                                0.24244425780478057
20.16016016016016                                 0.24705762713693535
20.45045045045045                                 0.25172486568442004
20.74074074074074                                 0.2564483134733459
21.03103103103103                                 0.261228382110174
21.32132132132132                                 0.2660659436037927
21.61161161161161                                 0.2709621478251612
21.9019019019019                                  0.2759182785728312
22.19219219219219                                 0.28093569703483345
22.482482482482485                                0.28601581899323547
22.772772772772772                                0.2911601050114601
23.063063063063062                                0.2963700560802666
23.353353353353356                                0.30164721184512966
23.643643643643646                                0.3069931501053539
23.933933933933936                                0.3124094870079101
24.224224224224223                                0.3178978776425545
24.514514514514513                                0.3234600168803168
24.804804804804803                                0.3290976403682075
25.095095095095097                                0.3348125256520756
25.385385385385387                                0.3405736426173563
25.675675675675674                                0.3464213596570913
25.965965965965967                                0.3524140141314224
26.256256256256258                                0.35847062880737424
26.546546546546548                                0.3646066821758002
26.836836836836834                                0.37079723559363154
27.127127127127128                                0.37707708290550757
27.41741741741742                                 0.3835178313313676
27.70770770770771                                 0.3900303363328773
27.997997997998                                   0.3966029901433893
28.28828828828829                                 0.4032651585533105
28.57857857857858                                 0.4101045472296347
28.868868868868866                                0.4170022967769037
29.15915915915916                                 0.42397462242116635
29.44944944944945                                 0.4311383467865124
29.73973973973974                                 0.43836472104718044
30.03003003003003                                 0.4456705592965119
30.32032032032032                                 0.45319163196715684
30.61061061061061                                 0.46072581516409145
30.900900900900904                                0.4684914432018348
31.19119119119119                                 0.4762736094682218
31.481481481481485                                0.4842988746072356
31.77177177177177                                 0.49234006061389246
32.06206206206206                                 0.5006395915009346
32.352352352352355                                0.5091289201843495
32.64264264264264                                 0.517484828007716
32.932932932932935                                0.5262158169173325
33.22322322322322                                 0.5351432486937041
33.513513513513516                                0.5439451232734859
33.8038038038038                                  0.5531467454927306
34.094094094094096                                0.5625596413388658
34.38438438438438                                 0.5720249416739259
34.67467467467468                                 0.5816556252349072
34.96496496496497                                 0.5914663198793937
35.25525525525525                                 0.6014593905461534
35.545545545545544                                0.6116382628799486
35.83583583583584                                 0.6220072911083536
36.126126126126124                                0.6325713001088811
36.41641641641642                                 0.6433353763030922
36.70670670670671                                 0.654304807175821
36.996996996997                                   0.6654850655696657
37.28728728728729                                 0.676979463873648
37.57757757757757                                 0.6883454763194499
37.86786786786787                                 0.700225012717012
38.15815815815816                                 0.7125210102211678
38.448448448448445                                0.7245658695531193
38.738738738738746                                0.7373968393070391
39.029029029029026                                0.7500587162099348
39.31931931931932                                 0.7633356555151827
39.609609609609606                                0.7765048943722861
39.8998998998999                                  0.7903274464736522
40.190190190190194                                0.8040460715652266
40.48048048048048                                 0.8184604873966699
40.770770770770774                                0.8327554394089626
41.06106106106106                                 0.8477989146123506
41.35135135135135                                 0.8627021601013052
41.64164164164165                                 0.8784130649346825
41.931931931931935                                0.8943929979321006
42.22222222222222                                 0.910136068355726
42.512512512512515                                0.9268819696270123
42.8028028028028                                  0.9439485772431488
43.093093093093096                                0.9611906325036472
43.38338338338338                                 0.97883009259612
43.673673673673676                                0.9968901412896232
43.96396396396397                                 1.015371579162057
44.254254254254256                                1.0342829428451457
44.54454454454454                                 1.0536371531274433
44.83483483483484                                 1.0734483210974137
45.12512512512512                                 1.0937310513178766
45.41541541541542                                 1.1145004484977237
45.70570570570571                                 1.1357722028794588
45.995995995996                                   1.1574800015443003
46.286286286286284                                1.179694710517636
46.57657657657658                                 1.2026362362220002
46.86686686686687                                 1.225999332683178
47.15715715715716                                 1.2501276906796472
47.447447447447445                                1.2746683746158838
47.73773773773774                                 1.3000602889332522
48.02802802802803                                 1.3261288565807412
48.31831831831832                                 1.3527142610209313
48.608608608608606                                1.380017390701692
48.8988988988989                                  1.4080547910208205
49.18918918918919                                 1.4368423479284689
49.47947947947948                                 1.466405980684108
49.76976976976977                                 1.4967736957506297
50.06006006006006                                 1.5279746131991954
50.35035035035035                                 1.5600390606465715
50.64064064064064                                 1.5929987188010535
50.930930930930934                                1.6268866907042274
51.22122122122122                                 1.6618295602890014
51.51151151151151                                 1.697331644262499
51.80180180180181                                 1.7345145852059602
52.092092092092095                                1.7721439297383985
52.38238238238238                                 1.8115416651317306
52.67267267267267                                 1.8518615284449398
52.96296296296297                                 1.8932751454644396
53.253253253253256                                1.9359618270008503
53.54354354354354                                 1.9799549799373337
53.833833833833836                                2.0253020242434587
54.12412412412412                                 2.072056711187091
54.414414414414416                                2.1202753590126617
54.70470470470471                                 2.1700168662383734
54.994994994995                                   2.221342830347722
55.28528528528528                                 2.274353103800764
55.57557557557558                                 2.3287466294559405
55.86586586586587                                 2.3854913930715913
56.15615615615616                                 2.443884559687705
56.446446446446444                                2.504136731487253
56.73673673673674                                 2.566417576687377
57.02702702702703                                 2.6307993638549565
57.31731731731732                                 2.6973654490812824
57.607607607607605                                2.766204606979429
57.8978978978979                                  2.8374090269053474
58.18818818818819                                 2.9109067606790244
58.47847847847848                                 2.987147693460773
58.76876876876877                                 3.0660124371710333
59.05905905905906                                 3.147647725173238
59.34934934934935                                 3.2321548726495797
59.63963963963964                                 3.3196396365572265
59.92992992992993                                 3.410210105882529
60.22022022022022                                 3.504107779206455
60.51051051051051                                 3.601202212701571
60.80080080080081                                 3.7016675467980504
61.091091091091094                                3.8056502476109566
61.38138138138138                                 3.9132404726291266
61.67167167167167                                 4.0245404026708
61.96196196196197                                 4.139639100088271
62.252252252252255                                4.25855317870378
62.54254254254254                                 4.381372574036758
62.832832832832835                                4.50811816922281
63.12312312312312                                 4.638702055948803
63.413413413413416                                4.773401859234793
63.70370370370371                                 4.9118453652606195
63.993993993993996                                5.0539868510968855
64.28428428428428                                 5.1997127761293855
64.57457457457458                                 5.348801787870206
64.86486486486487                                 5.500968584213666
65.15515515515516                                 5.65587397074311
65.44544544544544                                 5.813020711427356
65.73573573573574                                 5.971902806843369
66.02602602602603                                 6.131870230483249
66.31631631631632                                 6.291967423139007
66.6066066066066                                  6.4517493528879
66.89689689689689                                 6.610001879865217
67.18718718718719                                 6.765678815984797
67.47747747747749                                 6.9175984797941465
67.76776776776777                                 7.064500965536497
68.05805805805805                                 7.205183612876891
68.34834834834835                                 7.3380757983112055
68.63863863863864                                 7.461915058876295
68.92892892892894                                 7.575410981586353
69.21921921921923                                 7.677335729091809
69.5095095095095                                  7.7665903800740494
69.7997997997998                                  7.842243578041359
70.09009009009009                                 7.9035669051747215
70.38038038038039                                 7.950062688418213
70.67067067067067                                 7.981481784830391
70.96096096096096                                 7.99782992078235
71.25125125125125                                 7.999362206737177
71.54154154154155                                 7.9865665123275305
71.83183183183183                                 7.960137325150995
72.12212212212212                                 7.920942407769843
72.41241241241242                                 7.86998494317892
72.7027027027027                                  7.808363924159145
72.992992992993                                   7.7372353503842595
73.2832832832833                                  7.657776395603934
73.57357357357358                                 7.571203000929393
73.86386386386387                                 7.478505645143883
74.15415415415414                                 7.380921767290312
74.44444444444444                                 7.279298115335262
74.73473473473474                                 7.17468999002153
75.02502502502503                                 7.067893764000119
75.31531531531532                                 6.959652655368736
75.6056056056056                                  6.850625408028715
75.89589589589589                                 6.741555515185423
76.18618618618619                                 6.632534870862043
76.47647647647649                                 6.5242769857248994
76.76676676676676                                 6.417087007658827
77.05705705705705                                 6.3112551776349815
77.34734734734735                                 6.207023760545991
77.63763763763764                                 6.104569880114967
77.92792792792794                                 6.004148701863385
78.21821821821821                                 5.9056429307344604
78.50850850850851                                 5.8093497293429746
78.7987987987988                                  5.715253592473596
79.08908908908909                                 5.623341675662065
79.37937937937939                                 5.533757992251727
79.66966966966967                                 5.4464446697368825
79.95995995995996                                 5.361383676133065
80.25025025025025                                 5.27855166478662
80.54054054054055                                 5.19791755324915
80.83083083083083                                 5.1195579213458835
81.12112112112112                                 5.043110089408519
81.41141141141142                                 4.968808331488539
81.7017017017017                                  4.896533965491853
81.991991991992                                   4.826228170641403
82.2822822822823                                  4.757835427641442
82.57257257257257                                 4.691300325824344
82.86286286286287                                 4.626635796848809
83.15315315315316                                 4.563594478001755
83.44344344344344                                 4.502347933261146
83.73373373373374                                 4.44261557872877
84.02402402402402                                 4.38453837930666
84.31431431431432                                 4.328000785758296
84.60460460460462                                 4.272946017381051
84.89489489489489                                 4.219323806628529
85.18518518518519                                 4.16708589169229
85.47547547547548                                 4.11618565268107
85.76576576576576                                 4.06687472270388
86.05605605605606                                 4.018233836864765
86.34634634634635                                 3.9713332032589137
86.63663663663664                                 3.9252461750149683
86.92692692692694                                 3.8803725722501405
87.21721721721721                                 3.8365989346848473
87.50750750750751                                 3.7938855279836616
87.7977977977978                                  3.7522045671689788
88.08808808808809                                 3.7115260896095656
88.37837837837839                                 3.671735023835341
88.66866866866867                                 3.633009284948656
88.95895895895896                                 3.5948665292989372
89.24924924924925                                 3.5579194782241106
89.53953953953955                                 3.5215975895719467
89.82982982982983                                 3.4861587406579138
90.12012012012012                                 3.451958239394442
90.41041041041042                                 3.4176617208598836
90.7007007007007                                  3.3849324527748723
90.990990990991                                   3.3521043474130328
91.2812812812813                                  3.320781328392222
91.57157157157157                                 3.2896556578836464
91.86186186186187                                 3.259255546403125
92.15215215215215                                 3.229507037023032
92.44244244244244                                 3.2003811152339745
92.73273273273274                                 3.171859207333594
93.02302302302301                                 3.143925242328164
93.31331331331332                                 3.1165637810777724
93.60360360360362                                 3.089760440192504
93.89389389389389                                 3.0635023332479983
94.18418418418419                                 3.037778554720697
94.47447447447448                                 3.0125783497951057
94.76476476476476                                 2.987882998663443
95.05505505505506                                 2.9636700340529263
95.34534534534535                                 2.9396917047965867
95.63563563563564                                 2.9165723638515897
95.92592592592594                                 2.8938838826306665
96.21621621621621                                 2.87125595071451
96.50650650650651                                 2.849290931001952
96.7967967967968                                  2.827741874831937
97.08708708708708                                 2.8066069542693484
97.37737737737739                                 2.7861188571654374
97.66766766766767                                 2.7655666022348426
97.95795795795796                                 2.7458131403948447
98.24824824824825                                 2.726032298610006
98.53853853853855                                 2.707004950485119
98.82882882882883                                 2.687969214209348
99.11911911911912                                 2.6696362988020144
99.40940940940942                                 2.6513125634626324
99.6996996996997                                  2.633646021417525
99.98998998999                                    2.6160018505521356
100.2802802802803                                 2.5989766436863753
100.57057057057057                                2.5820831195044973
100.86086086086087                                2.5654190003866453
101.15115115115115                                2.5493339717020125
101.44144144144144                                2.533364977255473
101.73173173173174                                2.5175628154713676
102.02202202202201                                2.502416835399577
102.31231231231232                                2.4871241594065143
102.60260260260262                                2.4722925628392405
102.89289289289289                                2.4577740422060823
103.18318318318319                                2.4435009839011097
103.47347347347348                                2.4295397141949815
103.76376376376376                                2.4155324102459113
104.05405405405406                                2.4021842602468917
104.34434434434435                                2.388631544063322
104.63463463463464                                2.375751405091332
104.92492492492494                                2.362640391371751
105.21521521521521                                2.3499216150950213
105.50550550550551                                2.337476508077324
105.7957957957958                                 2.3210497781039554
106.08608608608608                                2.313089574856143
106.37637637637638                                2.3011287288044775
106.66666666666667                                2.289620382598406
106.95695695695696                                2.278062384091538
107.24724724724724                                2.2666950968843986
107.53753753753755                                2.255505371909573
107.82782782782783                                2.244463489972131
108.11811811811812                                2.2335585955184145
108.40840840840842                                2.2227840096462432
108.6986986986987                                 2.2121311593877184
108.988988988989                                  2.2015903296473756
109.2792792792793                                 2.1911511575075817
109.56956956956957                                2.180802972907043
109.85985985985987                                2.170535397469775
110.15015015015015                                2.1603400035242535
110.44044044044044                                2.1502137671107837
110.73073073073074                                2.139967450042501
111.02102102102101                                2.1300889603040547
111.31131131131131                                2.11979080485773
111.60160160160162                                2.109647189731219
111.89189189189189                                2.0994465364167887
112.18218218218219                                2.0889712017999322
112.47247247247248                                2.0789415886209146
112.76276276276276                                2.0685477324780086
113.05305305305306                                2.0577416323802424
113.34334334334335                                2.0469496372079936
113.63363363363364                                2.0358554865750795
113.92392392392394                                2.0246358863061915
114.21421421421421                                2.0129976505029257
114.50450450450451                                2.0009499712620373
114.7947947947948                                 1.9885285380200375
115.08508508508508                                1.9753800778791584
115.37537537537538                                1.9620988746431964
115.66566566566567                                1.9477509440238325
115.95595595595596                                1.9327359914618385
116.24624624624624                                1.9168330549018007
116.53653653653654                                1.8999042442402265
116.82682682682683                                1.881795676967407
117.11711711711712                                1.8623321109950248
117.40740740740742                                1.8413095136111446
117.6976976976977                                 1.818490413863058
117.98798798798799                                1.7935322777535951
118.27827827827828                                1.7662450459225958
118.56856856856857                                1.7361925108604184
118.85885885885887                                1.7028976303647667
119.14914914914915                                1.665819574202382
119.43943943943944                                1.6241585729656074
119.72972972972974                                1.5773953954733066
120.02002002002001                                1.524473808967432
120.31031031031031                                1.4642646146287226
120.60060060060061                                1.395208378806759
120.89089089089089                                1.3157791696775034
121.18118118118119                                1.2235906446710396
121.47147147147149                                1.11593186250066
121.76176176176176                                0.9898469597287682
122.05205205205206                                0.8413021197873743
122.34234234234233                                0.6654861461600224
122.63263263263264                                0.4570228642706264
122.92292292292294                                0.21171938013763753
123.21321321321321                                0.09600950098435959
123.50350350350351                                0.428374807146492
123.7937937937938                                 0.8157962080435726
124.08408408408408                                1.2429449770305412
124.37437437437438                                1.6910005970891122
124.66466466466467                                2.131932504732527
124.95495495495496                                2.53565502529085
125.24524524524524                                2.8788948544276507
125.53553553553554                                3.151523198615855
125.82582582582583                                3.3563064376225205
126.11611611611612                                3.503973130934429
126.40640640640642                                3.6078758090473224
126.6966966966967                                 3.680344411059971
126.98698698698699                                3.731404343092506
127.27727727727728                                3.7685368125916408
127.56756756756756                                3.797065406778768
127.85785785785787                                3.8207218339132947
128.14814814814815                                3.842085066475404
128.43843843843845                                3.8628857524122733
128.72872872872873                                3.884339243971997
129.01901901901903                                3.9073159297275732
129.3093093093093                                 3.932388607580413
129.5995995995996                                 3.9599211049542675
129.8898898898899                                 3.9897692482779337
130.18018018018017                                4.02328954951053
130.47047047047047                                4.059849392355054
130.76076076076077                                4.099472954270946
131.05105105105105                                4.142433603819621
131.34134134134135                                4.1888133066507285
131.63163163163165                                4.238671531196717
131.92192192192192                                4.292051638205286
132.21221221221222                                4.348993818888027
132.50250250250252                                4.409479392730262
132.7927927927928                                 4.473424311019403
133.0830830830831                                 4.54087945895731
133.3733733733734                                 4.611702152985481
133.66366366366367                                4.685765008322205
133.95395395395397                                4.762761957229386
134.24424424424424                                4.842391211001101
134.53453453453454                                4.9242320642207265
134.82482482482484                                5.007725605374049
135.1151151151151                                 5.092137667230585
135.4054054054054                                 5.176528026596016
135.6956956956957                                 5.259752678750822
135.985985985986                                  5.340511729892422
136.2762762762763                                 5.417153149449424
136.5665665665666                                 5.48780199644387
136.85685685685687                                5.5504210186265865
137.14714714714717                                5.602787070041908
137.43743743743744                                5.642435148362556
137.72772772772774                                5.667082080032651
138.018018018018                                  5.674597800315363
138.30830830830828                                5.663020486718109
138.59859859859858                                5.6309970123356266
138.88888888888889                                5.577741960614299
139.1791791791792                                 5.503233651859957
139.4694694694695                                 5.408201142226238
139.7597597597598                                 5.294021974960839
140.05005005005006                                5.1628373740872355
140.34034034034033                                5.0171681975434765
140.63063063063063                                4.859660868761133
140.92092092092093                                4.693345034936109
141.2112112112112                                 4.5210694446241035
141.5015015015015                                 4.345329837753704
141.79179179179178                                4.168552298330399
142.08208208208208                                3.992675878223172
142.37237237237238                                3.819339734818331
142.66266266266268                                3.649985753230096
142.95295295295298                                3.4852977540735175
143.24324324324323                                3.326262429600223
143.53353353353353                                3.1731696366755817
143.82382382382383                                3.0263796443882143
144.1141141141141                                 2.885949567295076
144.4044044044044                                 2.751923176110603
144.6946946946947                                 2.6243003898936905
144.98498498498498                                2.50271040159132
145.27527527527528                                2.387208682759706
145.56556556556558                                2.277353101287171
145.85585585585588                                2.173098604923308
146.14614614614615                                2.0739581486514216
146.43643643643645                                1.97970369485861
146.72672672672672                                1.8902288276732293
147.01701701701703                                1.805055328916791
147.30730730730733                                1.7240483850819526
147.5975975975976                                 1.6469626439785623
147.8878878878879                                 1.5735932530275538
148.17817817817817                                1.5036414933101634
148.46846846846847                                1.436908289408352
148.75875875875877                                1.373297446307085
149.04904904904905                                1.3124451331599618
149.33933933933935                                1.254333968509355
149.62962962962965                                1.198760776500665
149.91991991991992                                1.1455703025252897
150.21021021021022                                1.0946198674950605
150.5005005005005                                 1.045776411946767
150.7907907907908                                 0.9989155472446809
151.0810810810811                                 0.95392097739977
151.3713713713714                                 0.9106838226129208
151.66166166166167                                0.869101809058222
151.95195195195194                                0.8290786896296839
152.24224224224224                                0.7905245294249511
152.53253253253254                                0.7533564629821513
152.82282282282284                                0.7174984701208982
153.11311311311312                                0.6828771888660407
153.4034034034034                                 0.649471085123167
153.6936936936937                                 0.6170858631210868
153.983983983984                                  0.5858098835654427
154.2742742742743                                 0.5554864120958287
154.5645645645646                                 0.5239984891731213
154.85485485485486                                0.4979830622508006
155.14514514514514                                0.4702514062479543
155.43543543543544                                0.44338772444483815
155.72572572572574                                0.41732782361190496
156.01601601601604                                0.3920681599476797
156.3063063063063                                 0.36744645621604755
156.59659659659658                                0.3434770664374127
156.88688688688688                                0.3201329744015939
157.17717717717719                                0.29751027959862103
157.4674674674675                                 0.275294149783913
157.7577577577578                                 0.2537820972907122
158.04804804804803                                0.23263281601513994
158.33833833833833                                0.21212271750093592
158.62862862862863                                0.19197234759165777
158.91891891891893                                0.1724481970227886
159.20920920920923                                0.15323706655408859
159.4994994994995                                 0.13455513905679187
159.78978978978978                                0.11629370422923084
160.08008008008008                                0.09834374867284748
160.37037037037038                                0.08099297603013879
160.66066066066068                                0.06393464702430639
160.95095095095095                                0.04728957740769456
161.24124124124123                                0.031046276408112475
161.53153153153153                                0.015387586364222957
161.82182182182183                                0.003295300278751815
162.11211211211213                                0.015600551483677469
162.4024024024024                                 0.0301664207838254
162.6926926926927                                 0.044211922539304754
162.98298298298297                                0.05791438583126445
163.27327327327328                                0.07115354296424076
163.56356356356358                                0.0836718282268
163.85385385385388                                0.0958995884532055
164.14414414414415                                0.10731030906408802
164.43443443443442                                0.1181577124678962
164.72472472472472                                0.1280747799867471
165.01501501501502                                0.13735823530357139
165.30530530530532                                0.14558469272438215
165.5955955955956                                 0.15283178785226298
165.8858858858859                                 0.15874693925407232
166.17617617617617                                0.1632451199973845
166.46646646646647                                0.16603462796867252
166.75675675675677                                0.1669089606976615
167.04704704704704                                0.16574370218997403
167.33733733733735                                0.1618248237347025
167.62762762762765                                0.1549440160241288
167.91791791791792                                0.1444079917449879
168.20820820820822                                0.12964202434337002
168.4984984984985                                 0.10983174851673264
168.7887887887888                                 0.08396336965593815
169.0790790790791                                 0.05221735782647886
169.36936936936937                                0.012705380683013643
169.65965965965967                                0.035921584670707656
169.94994994994994                                0.09296645371897994
170.24024024024024                                0.15896243380030411
170.53053053053054                                0.23360645475432376
170.82082082082084                                0.3154761846126345
171.11111111111111                                0.40235899299283906
171.4014014014014                                 0.4914400120468279
171.6916916916917                                 0.5799684762082585
171.981981981982                                  0.665276171901483
172.2722722722723                                 0.7455143741725516
172.5625625625626                                 0.8198067366305689
172.85285285285286                                0.8877640691605687
173.14314314314313                                0.949878799690276
173.43343343343344                                1.0068886069526057
173.72372372372374                                1.059701136904709
174.01401401401404                                1.1090540460379577
174.3043043043043                                 1.155559067835753
174.59459459459458                                1.2011736569298073
174.88488488488488                                1.2454306604588825
175.17517517517518                                1.2889802940456316
175.46546546546548                                1.3323736404895798
175.75575575575579                                1.376131297367886
176.04604604604603                                1.4203967167715599
176.33633633633633                                1.465432239004982
176.62662662662663                                1.5118167818777963
176.91691691691693                                1.5594599722101177
177.20720720720723                                1.6086808375278976
177.49749749749748                                1.659709695188934
177.78778778778778                                1.7126939229359446
178.07807807807808                                1.7680212129532173
178.36836836836838                                1.8257059105322284
178.65865865865868                                1.886005449029144
178.94894894894895                                1.9491477248568658
179.23923923923923                                2.015459459709346
179.52952952952953                                2.085080362241675
179.81981981981983                                2.158424586726462
180.11011011011013                                2.2356956333071962
180.4004004004004                                 2.3172206906956023
180.6906906906907                                 2.403363559530746
180.98098098098097                                2.4945900014844824
181.27127127127127                                2.591343148520792
181.56156156156158                                2.6940452231201304
181.85185185185188                                2.803277722030713
182.14214214214215                                2.9185688403802983
182.43243243243242                                3.043477183230757
182.72272272272272                                3.176140568765909
183.01301301301302                                3.3180784579618656
183.30330330330332                                3.4700873551049636
183.5935935935936                                 3.6333091349362583
183.8838838838839                                 3.8088179601864742
184.17417417417417                                3.997872781663124
184.46446446446447                                4.2017504773712195
184.75475475475477                                4.4209889670093965
185.04504504504504                                4.659850885331952
185.33533533533534                                4.918628712713246
185.62562562562564                                5.188473924941144
185.91591591591592                                5.493404046460306
186.20620620620622                                5.81926431274327
186.4964964964965                                 6.169997288778414
186.7867867867868                                 6.546425141448763
187.0770770770771                                 6.948121827239141
187.36736736736736                                7.373093141119713
187.65765765765767                                7.817118601685733
187.94794794794794                                8.27294423382131
188.23823823823824                                8.729585385847397
188.52852852852854                                9.171873991638346
188.81881881881884                                9.580493686242704
189.1091091091091                                 9.933699310478795
189.3993993993994                                 10.209524319510404
189.6896896896897                                 10.38953846960734
189.97997997998                                   10.462933311692
190.2702702702703                                 10.42839014192398
190.5605605605606                                 10.294520965485383
190.85085085085086                                10.077082876682757
191.14114114114113                                9.796955305873647
191.43143143143143                                9.473560894920746
191.72172172172174                                9.124658286409627
192.01201201201204                                8.767981602661541
192.3023023023023                                 8.412272132419641
192.59259259259258                                8.06609077862097
192.88288288288288                                7.734173625781098
193.17317317317318                                7.420354959983563
193.46346346346348                                7.125262285322566
193.75375375375378                                6.849491295130262
194.04404404404403                                6.5929037233202425
194.33433433433433                                6.354509032839157
194.62462462462463                                6.13344991189388
194.91491491491493                                5.928606027663284
195.20520520520523                                5.7386123534021465
195.49549549549548                                5.562930611754031
195.78578578578578                                5.40004266465916
196.07607607607608                                5.248387173721891
196.36636636636638                                5.108686415225261
196.65665665665668                                4.978651741956032
196.94694694694695                                4.857892024448432
197.23723723723722                                4.745730458940727
197.52752752752752                                4.641500467681077
197.81781781781783                                4.544774765916913
198.10810810810813                                4.454248911552654
198.39839839839843                                4.370467270841168
198.6886886886887                                 4.292405183373066
198.97897897897897                                4.219820871336238
199.26926926926927                                4.152329812241732
199.55955955955957                                4.089608810324252
199.84984984984987                                4.031258120200793
200.14014014014015                                3.977106472544518
200.43043043043042                                3.9257973937372395
200.72072072072072                                3.8805845726871184
201.01101101101102                                3.8378462370019077
201.30130130130132                                3.7984232237798934
201.5915915915916                                 3.7623507180943254
201.8818818818819                                 3.729180119509549
202.17217217217217                                3.6989076054835137
202.46246246246247                                3.6714657053695205
202.75275275275277                                3.6466396754365302
203.04304304304304                                3.6243787974076036
203.33333333333334                                3.6045971054323593
203.62362362362364                                3.5870779548738434
203.91391391391392                                3.5716888223677836
204.20420420420422                                3.5584305801597127
204.4944944944945                                 3.5467651897826937
204.7847847847848                                 3.5364923163457997
205.0750750750751                                 3.5270177424890745
205.36536536536536                                3.5177097146231486
205.65565565565566                                3.506755924543714
205.94594594594594                                3.4905425255269966
206.23623623623624                                3.4616425315695003
206.52652652652654                                3.396259901997009
206.81681681681684                                3.1901033448182563
207.1071071071071                                 1.7731138967148736
207.3973973973974                                 4.297302789878591
207.68768768768768                                4.0762541433685255
207.977977977978                                  4.02557015825732
208.2682682682683                                 4.057597743682584
208.5585585585586                                 4.135985746048143
208.84884884884886                                4.280136921248031
209.13913913913913                                4.523645529710525
209.42942942942943                                5.097943961003311
209.71971971971973                                7.0722580198788405
210.01001001001003                                0.9202305396104417
210.3003003003003                                 2.2472833027707475
210.59059059059058                                2.698626172806094
210.88088088088088                                2.1885319570828803
211.17117117117118                                3.8369730048520836
211.46146146146148                                3.75231469905599
211.75175175175178                                3.8765606367838776
212.04204204204203                                3.984623218855158
212.33233233233233                                4.131507995539948
212.62262262262263                                4.308989813692166
212.91291291291293                                5.001208944214913
213.20320320320323                                5.672654008611135
213.49349349349347                                1.921669753164331
213.78378378378378                                3.064737283808458
214.07407407407408                                3.7285215735812773
214.36436436436438                                4.274319414083253
214.65465465465468                                5.147933221545444
214.94494494494495                                6.586233731244873
215.23523523523522                                1.1839466387749769
215.52552552552552                                1.0951527423255452
215.81581581581582                                1.7009227769822501
216.10610610610613                                1.9214047794582445
216.39639639639643                                1.9691208337182917
216.6866866866867                                 1.9107007700389826
216.97697697697697                                1.77016828974948
217.26726726726727                                1.555255173461507
217.55755755755757                                1.2654836606067814
217.84784784784787                                0.9001946547553421
218.13813813813815                                0.45668627456202415
218.42842842842842                                0.10756657524278197
218.71871871871872                                0.6774205879201529
219.00900900900902                                1.318999100259716
219.29929929929932                                1.967661400543128
219.5895895895896                                 2.569815351168051
219.8798798798799                                 3.0777229536944555
220.17017017017017                                3.459905624569511
220.46046046046047                                3.7135870448679906
220.75075075075077                                3.8544126236366942
221.04104104104104                                3.9011972249204896
221.33133133133134                                3.8930327502550592
221.62162162162164                                3.838350645699185
221.91191191191191                                3.7547081317589814
222.20220220220222                                3.6528734846029094
222.4924924924925                                 3.5411089590331337
222.7827827827828                                 3.4242676489649257
223.0730730730731                                 3.3060272934578867
223.36336336336336                                3.188537605685747
223.65365365365366                                3.0731905547074074
223.94394394394394                                2.961055134918417
224.23423423423424                                2.852646615548064
224.52452452452454                                2.7481432359562494
224.81481481481484                                2.6482906152708003
225.1051051051051                                 2.552226371555277
225.3953953953954                                 2.4604946037943307
225.68568568568568                                2.3727884749847705
225.97597597597598                                2.288897381921239
226.26626626626629                                2.208854566816333
226.5565565565566                                 2.1322565939574214
226.84684684684686                                2.0590187844500636
227.13713713713713                                1.9889284128551712
227.42742742742743                                1.9218675700755354
227.71771771771773                                1.8575763042075955
228.00800800800803                                1.7958094490947396
228.2982982982983                                 1.7366728326741243
228.58858858858858                                1.678629265664135
228.87887887887888                                1.6201230822650703
229.16916916916918                                1.5729419072538915
229.45945945945948                                1.5209900372266691
229.74974974974978                                1.4710780891290025
230.04004004004003                                1.4225906572352593
230.33033033033033                                1.3752144212419748
230.62062062062063                                1.3289648245568888
230.91091091091093                                1.283423134073547
231.20120120120123                                1.2384080711819978
231.49149149149147                                1.1937922355814696
231.78178178178177                                1.149296313691854
232.07207207207207                                1.1045823709440687
232.36236236236238                                1.0593182999371014
232.65265265265268                                1.0128637222973655
232.94294294294298                                0.9651308936650076
233.23323323323322                                0.9150795780336912
233.52352352352352                                0.8629136303573999
233.81381381381382                                0.8054952071973945
234.10410410410412                                0.7443066204160719
234.39439439439442                                0.6771858001326254
234.6846846846847                                 0.6021942916287835
234.97497497497497                                0.5179625029989967
235.26526526526527                                0.42206449603129026
235.55555555555557                                0.3061063289330811
235.84584584584587                                0.22847518059199903
236.13613613613614                                0.10148610573926427
236.42642642642642                                0.033297552338911435
236.71671671671672                                0.13587775673292554
237.00700700700702                                0.22869599454281012
237.29729729729732                                0.30018354783153367
237.5875875875876                                 0.3478182238231937
237.8778778778779                                 0.37166599701990044
238.16816816816817                                0.3737822388911395
238.45845845845847                                0.3547236022485997
238.74874874874877                                0.31259865422938904
239.03903903903904                                0.2407315822691555
239.32932932932934                                0.12244885005312263
239.61961961961964                                0.15828772779953515
239.9099099099099                                 1.0405943858370879
240.20020020020021                                0.6433298164806854
240.4904904904905                                 1.2701643304661214
240.7807807807808                                 0.7923939338247992
241.0710710710711                                 0.5899102878506727
241.36136136136136                                0.4634144965315263
241.65165165165166                                0.3671662087690283
241.94194194194196                                0.28627894151687355
242.23223223223223                                0.21441842176460205
242.52252252252254                                0.1485565160365011
242.81281281281284                                0.08569281796100531
243.1031031031031                                 0.05558359401560667
243.3933933933934                                 0.01735317983322866
243.68368368368368                                0.06118870856836604
243.97397397397398                                0.10487127905149267
244.26426426426428                                0.14465040414450048
244.55455455455456                                0.18130397499942433
244.84484484484486                                0.21462137537504877
245.13513513513513                                0.24499512742048069
245.42542542542543                                0.2725853195985019
245.71571571571573                                0.29765088987697347
246.00600600600603                                0.3202483121022627
246.2962962962963                                 0.3407962111180797
246.58658658658658                                0.35940277423500083
246.87687687687688                                0.3763520753795027
247.16716716716718                                0.39135850895987223
247.45745745745748                                0.40540807936880324
247.74774774774778                                0.4181659485454811
248.03803803803802                                0.42970751086243447
248.32832832832833                                0.44027615397313735
248.61861861861863                                0.44977498224488144
248.90890890890893                                0.4587901212821583
249.19919919919923                                0.46713313063442025
249.48948948948947                                0.4749444249833427
249.77977977977977                                0.4820001106759333
250.07007007007007                                0.4886344361051392
250.36036036036037                                0.49509479218589325
250.65065065065068                                0.5012328268384976
250.94094094094098                                0.5070206737397989
251.23123123123122                                0.5126108429661904
251.52152152152152                                0.5179256935214986
251.81181181181182                                0.5231967900825953
252.10210210210212                                0.5283579690916889
252.39239239239242                                0.5334759397703526
252.68268268268267                                0.53834076977367
252.97297297297297                                0.5433837785179543
253.26326326326327                                0.548254388350551
253.55355355355357                                0.55327912456715
253.84384384384387                                0.558354487023969
254.13413413413414                                0.5633256660109367
254.42442442442442                                0.5685045466967413
254.71471471471472                                0.5737881052119551
255.00500500500502                                0.5792333029704502
255.29529529529532                                0.5846888151655235
255.5855855855856                                 0.5903498933789436
255.8758758758759                                 0.5962865551085784
256.1661661661662                                 0.6023376787281829
256.45645645645646                                0.6085938399379611
256.7467467467468                                 0.6151227407441313
257.037037037037                                  0.6218772801499328
257.32732732732734                                0.6288779205320363
257.6176176176176                                 0.6362129747555023
257.90790790790794                                0.6438525104251352
258.1981981981982                                 0.651817263756268
258.4884884884885                                 0.6601286162861923
258.77877877877876                                0.6687943827403423
259.0690690690691                                 0.6779956365984715
259.35935935935936                                0.6874721510105741
259.6496496496497                                 0.6977289216640314
259.93993993993996                                0.7089828459345427
260.23023023023023                                0.7162091699660798
260.5205205205205                                 0.7294409756641739
260.81081081081084                                0.741983636690742
261.1011011011011                                 0.7549475475647043
261.39139139139144                                0.7685562090061039
261.68168168168165                                0.7829528466212615
261.971971971972                                  0.798204098796378
262.26226226226225                                0.8144055724291193
262.5525525525526                                 0.831898048220827
262.84284284284286                                0.8490000332971916
263.13313313313313                                0.8686775850879844
263.4234234234234                                 0.8896508953344873
263.71371371371373                                0.9122907891693224
264.004004004004                                  0.9369576912617424
264.29429429429433                                0.9648849907292802
264.5845845845846                                 0.9989028320516922
264.8748748748749                                 1.0573228664883325
265.16516516516515                                0.9688932606126928
265.4554554554555                                 1.0458509667879485
265.74574574574575                                1.0909358810643894
266.036036036036                                  1.1337980521542583
266.32632632632635                                1.1786253933459636
266.6166166166166                                 1.227056896267806
266.9069069069069                                 1.2802156086437357
267.1971971971972                                 1.3394047811477108
267.4874874874875                                 1.406336116843216
267.77777777777777                                1.483138125688258
268.0680680680681                                 1.5740574438134223
268.3583583583584                                 1.6766591930074364
268.64864864864865                                1.8138888197250447
268.938938938939                                  2.0145293938058186
269.2292292292292                                 1.857809206030983
269.5195195195196                                 2.2798144642899816
269.8098098098098                                 2.6713542751596795
270.1001001001001                                 3.255443542398923
270.3903903903904                                 4.280427501501001
270.68068068068067                                5.809454880246753
270.970970970971                                  4.19015549219037
271.26126126126127                                1.7094475228268518
271.55155155155154                                0.5408834160598694
271.84184184184187                                0.15652960338241934
272.13213213213214                                0.5410309318398162
272.4224224224224                                 0.8485232039524543
272.71271271271274                                1.1003489894015206
273.003003003003                                  1.3226405722619994
273.29329329329335                                1.520999631916745
273.58358358358356                                1.7040193483151778
273.8738738738739                                 1.8723947949060165
274.16416416416416                                2.0238203662659293
274.4544544544545                                 2.153670627902036
274.74474474474476                                2.255987825311512
275.035035035035                                  2.324014755312107
275.32532532532537                                2.3557297124249588
275.6156156156156                                 2.3581487400279255
275.90590590590597                                2.316190427042302
276.1961961961962                                 2.246938837742543
276.48648648648646                                2.1566646921724244
276.7767767767768                                 2.0523091289942115
277.06706706706706                                1.9403367701419032
277.3573573573574                                 1.8255859451608358
277.64764764764766                                1.711980439935166
277.937937937938                                  1.6009955094779325
278.2282282282282                                 1.494334737541138
278.51851851851853                                1.3926755934187571
278.8088088088088                                 1.2962449483413243
279.0990990990991                                 1.204647295078941
279.3893893893894                                 1.117593392609399
279.6796796796797                                 1.0350402581201592
279.96996996996995                                0.9559069687399301
280.2602602602603                                 0.8798268657877242
280.55055055055055                                0.8065003264103521
280.8408408408409                                 0.7351550372543686
281.13113113113116                                0.6653044702230199
281.4214214214214                                 0.5965227506499654
281.71171171171176                                0.5280619084968257
282.002002002002                                  0.4593659066870023
282.2922922922923                                 0.38977827662443415
282.5825825825826                                 0.31859005708668986
282.8728728728729                                 0.24479892059724515
283.1631631631632                                 0.1673942906608187
283.45345345345345                                0.08508983265686144
283.7437437437438                                 0.016218384128237496
284.03403403403405                                0.11220784947496658
284.3243243243244                                 0.2472609572808314
284.61461461461465                                0.549364861116014
284.90490490490487                                0.24799472209668472
285.1951951951952                                 0.4582822133093669
285.48548548548547                                0.6396342487850378
285.7757757757758                                 0.838168551699114
286.06606606606607                                1.070948367528175
286.35635635635634                                1.3521631327859351
286.6466466466467                                 1.6941629956818176
286.93693693693695                                2.093351898408939
287.2272272272273                                 2.489912060776441
287.51751751751755                                2.7249643637099155
287.80780780780776                                2.6331766622358472
288.0980980980981                                 2.2764475206670745
288.38838838838836                                1.8419636401938244
288.6786786786787                                 1.4367640692122625
288.96896896896897                                1.082439180600761
289.2592592592593                                 0.7717015919953046
289.54954954954957                                0.49085296473387274
289.83983983983984                                0.2284693764812536
290.13013013013017                                0.05989956849544318
290.42042042042044                                0.3026677495277564
290.71071071071077                                0.5723326214704079
291.001001001001                                  0.8942297864418197
291.29129129129126                                1.2404320865851342
291.5815815815816                                 1.6564390017996924
291.87187187187186                                2.2164038207627113
292.1621621621622                                 3.0706947273192005
292.45245245245246                                2.979263749625129
292.7427427427428                                 5.259080145743312
293.03303303303306                                13.087231240289723
293.32332332332334                                5.757488104211359
293.61361361361367                                2.1671033804379474
293.9039039039039                                 1.0749956703540762
294.1941941941942                                 0.6248876693959917
294.4844844844845                                 0.47986036083824674
294.77477477477476                                0.5351396152204252
295.0650650650651                                 0.731472043272904
295.35535535535536                                1.0352588522237054
295.6456456456457                                 1.4132100604453735
295.93593593593596                                1.852590150600638
296.22622622622623                                2.351459605995049
296.51651651651656                                2.1174355689066533
296.8068068068068                                 2.743370291973063
297.0970970970971                                 3.1467797508375543
297.3873873873874                                 3.465656666648245
297.67767767767765                                3.7444796153655595
297.967967967968                                  4.007526770709739
298.25825825825825                                4.330322530215543
298.5485485485486                                 4.309001577579116
298.83883883883885                                4.59230739282737
299.1291291291292                                 4.845997675772661
299.41941941941946                                5.124034048760143
299.7097097097097                                 5.389303614021717
300                                               5.826327971677967
