% Model:              bicon_box_fullwave_3.1.21.mph
% Version:            COMSOL 5.4.0.388
% Date:               Apr 1 2021, 08:56
% Table:              Table 5 - magnitude v (abs(emw.Vport_1))
% freq (MHz)                                      abs(emw.Vport_1) (V)
10                                                0.11000470678801665
10.29029029029029                                 0.11000470678801665
10.58058058058058                                 0.11000470678801665
10.87087087087087                                 0.11978044062354533
11.16116116116116                                 0.11978044062354533
11.451451451451451                                0.12728806048851932
11.741741741741743                                0.12728806048851932
12.032032032032031                                0.13429962311018545
12.322322322322321                                0.13429962311018545
12.612612612612612                                0.1414045407615581
12.902902902902902                                0.1414045407615581
13.193193193193192                                0.1486604901187425
13.483483483483484                                0.1486604901187425
13.773773773773774                                0.15604901618626513
14.064064064064064                                0.15604901618626513
14.354354354354355                                0.163566875584801
14.644644644644643                                0.163566875584801
14.934934934934935                                0.1712190300134937
15.225225225225225                                0.1712190300134937
15.515515515515515                                0.17901171176572878
15.805805805805806                                0.17901171176572878
16.096096096096097                                0.18695133331440397
16.386386386386388                                0.18695133331440397
16.676676676676678                                0.19504464820541886
16.966966966966968                                0.19504464820541886
17.257257257257255                                0.20329883683093058
17.54754754754755                                 0.20329883683093058
17.837837837837835                                0.2117215007336914
18.12812812812813                                 0.2117215007336914
18.41841841841842                                 0.22032064832644743
18.70870870870871                                 0.2251373103018992
18.998998998999                                   0.2251373103018992
19.289289289289286                                0.2332430136801006
19.57957957957958                                 0.23837303343541447
19.869869869869873                                0.23837303343541447
20.16016016016016                                 0.24691442023146037
20.45045045045045                                 0.25224202740886176
20.74074074074074                                 0.25224202740886176
21.03103103103103                                 0.26106293984118983
21.32132132132132                                 0.2665963306374131
21.61161161161161                                 0.2712860556815633
21.9019019019019                                  0.2761006201890507
22.19219219219219                                 0.2810811274616
22.482482482482485                                0.2861537257164555
22.772772772772772                                0.29129174213099585
23.063063063063062                                0.29649492304139013
23.353353353353356                                0.3017660887135378
23.643643643643646                                0.30710709727820035
23.933933933933936                                0.31251927005104074
24.224224224224223                                0.3180039928875751
24.514514514514513                                0.3235627847972599
24.804804804804803                                0.3291972662666
25.095095095095097                                0.33490912879510865
25.385385385385387                                0.3407001254450873
25.675675675675674                                0.3465720669447087
25.965965965965967                                0.3525268198145002
26.256256256256258                                0.3585663051481692
26.546546546546548                                0.36469249811958676
26.836836836836834                                0.3709074280854972
27.127127127127128                                0.37721317911419416
27.41741741741742                                 0.383611890856823
27.70770770770771                                 0.390105759670867
27.997997997998                                   0.39669703994259814
28.28828828828829                                 0.4033880455876424
28.57857857857858                                 0.41018115169158775
28.868868868868866                                0.4167284664974687
29.15915915915916                                 0.4231251474979112
29.44944944944945                                 0.4307062161854968
29.73973973973974                                 0.438031350320675
30.03003003003003                                 0.4447446100017005
30.32032032032032                                 0.45270052090021917
30.61061061061061                                 0.460399788781901
30.900900900900904                                0.46741575126652735
31.19119119119119                                 0.4760099215961468
31.481481481481485                                0.483169482218082
31.77177177177177                                 0.49205682033704795
32.06206206206206                                 0.49943862734681144
32.352352352352355                                0.5086512134080616
32.64264264264264                                 0.5162609172132895
32.932932932932935                                0.5258194659995343
33.22322322322322                                 0.5336637916639881
33.513513513513516                                0.5435896254370299
33.8038038038038                                  0.5531029154354047
34.094094094094096                                0.5609692898160024
34.38438438438438                                 0.5714421521966306
34.67467467467468                                 0.5814519665124596
34.96496496496497                                 0.589723483712546
35.25525525525525                                 0.6008291183299224
35.545545545545544                                0.6114047456546072
35.83583583583584                                 0.621755319302206
36.126126126126124                                0.6322769120298897
36.41641641641642                                 0.6430092139767233
36.70670670670671                                 0.6539548803260498
36.996996996997                                   0.6651152566717417
37.28728728728729                                 0.676493852018883
37.57757757757757                                 0.688095482879052
37.86786786786787                                 0.6999256528988643
38.15815815815816                                 0.71199028681722
38.448448448448445                                0.7242956242140786
38.738738738738746                                0.7368481767848394
39.029029029029026                                0.7496547118425008
39.31931931931932                                 0.762722247835129
39.609609609609606                                0.7760580560103523
39.8998998998999                                  0.7896315231917496
40.190190190190194                                0.8014542167709653
40.48048048048048                                 0.8171284246540609
40.770770770770774                                0.8321048565091728
41.06106106106106                                 0.8469823307728316
41.35135135135135                                 0.8617653445359774
41.64164164164165                                 0.8773465936281727
41.931931931931935                                0.893217639315872
42.22222222222222                                 0.9094578156977944
42.512512512512515                                0.9255256765857834
42.8028028028028                                  0.9425319073458786
43.093093093093096                                0.9600294499932935
43.38338338338338                                 0.9771636539126982
43.673673673673676                                0.9957548615254362
43.96396396396397                                 1.013590574392466
44.254254254254256                                1.0330553381793357
44.54454454454454                                 1.0517091596534867
44.83483483483484                                 1.0721263749211825
45.12512512512512                                 1.0916353422650966
45.41541541541542                                 1.1130782296509665
45.70570570570571                                 1.1351256060540114
45.995995995996                                   1.155280792835339
46.286286286286284                                1.1782933818176702
46.57657657657658                                 1.2019419559538795
46.86686686686687                                 1.2253431958004715
47.15715715715716                                 1.2475722488856809
47.447447447447445                                1.273037763498826
47.73773773773774                                 1.2991990197241474
48.02802802802803                                 1.3251067816007338
48.31831831831832                                 1.351582259171066
48.608608608608606                                1.3787914067632792
48.8988988988989                                  1.4067547468259378
49.18918918918919                                 1.43548091044372
49.47947947947948                                 1.465484857390802
49.76976976976977                                 1.493575386235144
50.06006006006006                                 1.526621021478531
50.35035035035035                                 1.556335648823494
50.64064064064064                                 1.5915074664570381
50.930930930930934                                1.6241264701247218
51.22122122122122                                 1.660283492415716
51.51151151151151                                 1.694607109531101
51.80180180180181                                 1.732824550811837
52.092092092092095                                1.76914743548327
52.38238238238238                                 1.8097020507562884
52.67267267267267                                 1.850936969194716
52.96296296296297                                 1.8895298823383426
53.253253253253256                                1.9336939245510976
53.54354354354354                                 1.97881731405469
53.833833833833836                                2.023957447116195
54.12412412412412                                 2.0704604900298693
54.414414414414416                                2.1185647539833834
54.70470470470471                                 2.16824106892068
54.994994994995                                   2.219507730808886
55.28528528528528                                 2.272418661234017
55.57557557557558                                 2.3270422398805257
55.86586586586587                                 2.3836037895571267
56.15615615615616                                 2.440116759976395
56.446446446446444                                2.501698225368301
56.73673673673674                                 2.562276822796861
57.02702702702703                                 2.6282415487804918
57.31731731731732                                 2.6956025938164423
57.607607607607605                                2.7641315254887884
57.8978978978979                                  2.8351780948457628
58.18818818818819                                 2.908788798717508
58.47847847847848                                 2.9849707727622383
58.76876876876877                                 3.0638139516378273
59.05905905905906                                 3.145423988579769
59.34934934934935                                 3.229908558715
59.63963963963964                                 3.316910081781303
59.92992992992993                                 3.4059113771164244
60.22022022022022                                 3.500823681254006
60.51051051051051                                 3.598466513108052
60.80080080080081                                 3.6987232112513566
61.091091091091094                                3.8026321312501357
61.38138138138138                                 3.9101990312751616
61.67167167167167                                 4.021481836662747
61.96196196196197                                 4.13655850658984
62.252252252252255                                4.255484415362468
62.54254254254254                                 4.378270230346593
62.832832832832835                                4.504842526018912
63.12312312312312                                 4.635432270238719
63.413413413413416                                4.770200146102162
63.70370370370371                                 4.908610882608855
63.993993993993996                                5.050890456535549
64.28428428428428                                 5.196772272212733
64.57457457457458                                 5.346064765484277
64.86486486486487                                 5.49848868844901
65.15515515515516                                 5.653602633878922
65.44544544544544                                 5.811336933717656
65.73573573573574                                 5.970686374032318
66.02602602602603                                 6.131241416574432
66.31631631631632                                 6.292237983875569
66.6066066066066                                  6.452809242676382
66.89689689689689                                 6.611928332474809
67.18718718718719                                 6.768729952960164
67.47747747747749                                 6.921720741150394
67.76776776776777                                 7.06982848892475
68.05805805805805                                 7.211707822567391
68.34834834834835                                 7.345991285659396
68.63863863863864                                 7.47131513427472
68.92892892892894                                 7.586354104285405
69.21921921921923                                 7.690476136492871
69.5095095095095                                  7.780504915801039
69.7997997997998                                  7.858559030155899
70.09009009009009                                 7.921464817569831
70.38038038038039                                 7.969436894376463
70.67067067067067                                 8.001748320589606
70.96096096096096                                 8.01986820855388
71.25125125125125                                 8.022526000381701
71.54154154154155                                 8.010553384271304
71.83183183183183                                 7.985178367656183
72.12212212212212                                 7.946628443679837
72.41241241241242                                 7.896040058380596
72.7027027027027                                  7.83479175971977
72.992992992993                                   7.763909177807895
73.2832832832833                                  7.684561885885464
73.57357357357358                                 7.5979246894874946
73.86386386386387                                 7.505140479093524
74.15415415415414                                 7.407296866379399
74.44444444444444                                 7.305410099338063
74.73473473473474                                 7.200699887928818
75.02502502502503                                 7.092956004024364
75.31531531531532                                 6.984148183298327
75.6056056056056                                  6.874595339013935
75.89589589589589                                 6.764833468728786
76.18618618618619                                 6.65534160066578
76.47647647647649                                 6.546540153504775
76.76676676676676                                 6.438797947519896
77.05705705705705                                 6.332436360649502
77.34734734734735                                 6.227775223305693
77.63763763763764                                 6.1244693068067875
77.92792792792794                                 6.024142968793318
78.21821821821821                                 5.92472585850234
78.50850850850851                                 5.827680397514983
78.7987987987988                                  5.733056211847111
79.08908908908909                                 5.640680525546888
79.37937937937939                                 5.552050763309309
79.66966966966967                                 5.462915611633683
79.95995995995996                                 5.37851050830506
80.25025025025025                                 5.294400420124383
80.54054054054055                                 5.21314737446328
80.83083083083083                                 5.134212552803714
81.12112112112112                                 5.057420642971187
81.41141141141142                                 4.982712395216495
81.7017017017017                                  4.910039359909525
81.991991991992                                   4.839348339877529
82.2822822822823                                  4.770584344451142
82.57257257257257                                 4.705873086546081
82.86286286286287                                 4.63888379838972
83.15315315315316                                 4.5773308934266534
83.44344344344344                                 4.513896849115339
83.73373373373374                                 4.455589895375267
84.02402402402402                                 4.396631871147056
84.31431431431432                                 4.339537335526754
84.60460460460462                                 4.284138295013493
84.89489489489489                                 4.230234546780807
85.18518518518519                                 4.177718225342061
85.47547547547548                                 4.1265454028879365
85.76576576576576                                 4.076674098030771
86.05605605605606                                 4.028061146238306
86.34634634634635                                 3.980664000446406
86.63663663663664                                 3.9344418074379868
86.92692692692694                                 3.8893553637314584
87.21721721721721                                 3.846327005678595
87.50750750750751                                 3.803024578814863
87.7977977977978                                  3.760406455165025
88.08808808808809                                 3.720511425348242
88.37837837837839                                 3.6802423495518286
88.66866866866867                                 3.640688568785756
88.95895895895896                                 3.603090833300969
89.24924924924925                                 3.5656497809918504
89.53953953953955                                 3.529656086168586
89.82982982982983                                 3.493873094064913
90.12012012012012                                 3.4587937280157637
90.41041041041042                                 3.425163532761093
90.7007007007007                                  3.3917640108401867
90.990990990991                                   3.3590217829239455
91.2812812812813                                  3.32709259153452
91.57157157157157                                 3.295910609594761
91.86186186186187                                 3.26541055616341
92.15215215215215                                 3.2355516322229674
92.44244244244244                                 3.206315711909106
92.73273273273274                                 3.1776866104757944
93.02302302302301                                 3.1496484387235637
93.31331331331332                                 3.122185268985341
93.60360360360362                                 3.0952818304847978
93.89389389389389                                 3.0689236502913917
94.18418418418419                                 3.0430973954427123
94.47447447447448                                 3.0177922158621224
94.76476476476476                                 2.9937545296328993
95.05505505505506                                 2.9692742162206684
95.34534534534535                                 2.944658719592698
95.63563563563564                                 2.922118939329103
95.92592592592594                                 2.8990410929765846
96.21621621621621                                 2.8760371637717834
96.50650650650651                                 2.8546555516690857
96.7967967967968                                  2.832915537058777
97.08708708708708                                 2.811901344692661
97.37737737737739                                 2.790910402268406
97.66766766766767                                 2.77067350425103
97.95795795795796                                 2.7504749959090207
98.24824824824825                                 2.730982252999334
98.53853853853855                                 2.7115534214290675
98.82882882882883                                 2.6927705204931653
99.11911911911912                                 2.6740784515546867
99.40940940940942                                 2.655975589880729
99.6996996996997                                  2.6379878404705956
99.98998998999                                    2.6205373732786446
100.2802802802803                                 2.603222610360474
100.57057057057057                                2.5863989209257574
100.86086086086087                                2.5697262565096275
101.15115115115115                                2.553507007690753
101.44144144144144                                2.5374434059597535
101.73173173173174                                2.522371961210499
102.02202202202201                                2.5064562802594255
102.31231231231232                                2.4914557769653896
102.60260260260262                                2.476265364534855
102.89289289289289                                2.4614494667766067
103.18318318318319                                2.447432286381102
103.47347347347348                                2.4333329446505148
103.76376376376376                                2.4196639340619237
104.05405405405406                                2.4058220676906785
104.34434434434435                                2.3928780388166078
104.63463463463464                                2.3793682651603523
104.92492492492494                                2.3662069406694406
105.21521521521521                                2.353597551631861
105.50550550550551                                2.34138527313959
105.7957957957958                                 2.326254319114037
106.08608608608608                                2.316633421918696
106.37637637637638                                2.304958617034238
106.66666666666667                                2.2928667076336424
106.95695695695696                                2.2814789552044816
107.24724724724724                                2.270205798345229
107.53753753753755                                2.2590493136168996
107.82782782782783                                2.2480327157323963
108.11811811811812                                2.237261500922771
108.40840840840842                                2.2269129074289236
108.6986986986987                                 2.2159512724230184
108.988988988989                                  2.2052850035102844
109.2792792792793                                 2.1949608528736704
109.56956956956957                                2.1850332717428924
109.85985985985987                                2.1744529506256365
110.15015015015015                                2.1642297812328053
110.44044044044044                                2.154506269852922
110.73073073073074                                2.1439969077798184
111.02102102102101                                2.134142092422879
111.31131131131131                                2.1237484716536885
111.60160160160162                                2.113620303721411
111.89189189189189                                2.103716346541072
112.18218218218219                                2.093261365230989
112.47247247247248                                2.0832307227162103
112.76276276276276                                2.0727467566777977
113.05305305305306                                2.062124311894216
113.34334334334335                                2.0512724026223514
113.63363363363364                                2.0404871243445157
113.92392392392394                                2.0295819826530392
114.21421421421421                                2.0177772267136236
114.50450450450451                                2.0064958647985818
114.7947947947948                                 1.9939575171280695
115.08508508508508                                1.9808026560126526
115.37537537537538                                1.9675434064077264
115.66566566566567                                1.9536143401760293
115.95595595595596                                1.9385410906531984
116.24624624624624                                1.9230725234795565
116.53653653653654                                1.9065409206923745
116.82682682682683                                1.8884157757240523
117.11711711711712                                1.8692854144780562
117.40740740740742                                1.848672057509537
117.6976976976977                                 1.8262882380366827
117.98798798798799                                1.8014567386250577
118.27827827827828                                1.7753952626560425
118.56856856856857                                1.745344649560487
118.85885885885887                                1.7134670031662982
119.14914914914915                                1.6764337583305637
119.43943943943944                                1.6353651240714775
119.72972972972974                                1.589711541874383
120.02002002002001                                1.537832510375177
120.31031031031031                                1.479910409031779
120.60060060060061                                1.4114421343004577
120.89089089089089                                1.333171159826236
121.18118118118119                                1.2432814055707193
121.47147147147149                                1.1378915264142584
121.76176176176176                                1.0144162659608897
122.05205205205206                                0.8686260798554232
122.34234234234233                                0.6957253305485341
122.63263263263264                                0.48936311378068786
122.92292292292294                                0.24445716866802605
123.21321321321321                                0.04586433681752442
123.50350350350351                                0.38469776800388844
123.7937937937938                                 0.7745807197240463
124.08408408408408                                1.206747041207748
124.37437437437438                                1.6637944642972802
124.66466466466467                                2.117259108984633
124.95495495495496                                2.5344650705369505
125.24524524524524                                2.8897779427777275
125.53553553553554                                3.1711812993183908
125.82582582582583                                3.3815249266877148
126.11611611611612                                3.531489769185872
126.40640640640642                                3.6353423900936757
126.6966966966967                                 3.7067967624581915
126.98698698698699                                3.7560184753233177
127.27727727727728                                3.7911818697594892
127.56756756756756                                3.817680545271121
127.85785785785787                                3.839321951062033
128.14814814814815                                3.858651458207419
128.43843843843845                                3.878014223771722
128.72872872872873                                3.897942639224495
129.01901901901903                                3.919583734824761
129.3093093093093                                 3.9434392517287034
129.5995995995996                                 3.9702151260103213
129.8898898898899                                 3.9993752313355384
130.18018018018017                                4.031979584766552
130.47047047047047                                4.068002177582747
130.76076076076077                                4.106854804191315
131.05105105105105                                4.149494377121148
131.34134134134135                                4.195327757127101
131.63163163163165                                4.244839808363725
131.92192192192192                                4.2979862300717
132.21221221221222                                4.354705668677495
132.50250250250252                                4.41513907283963
132.7927927927928                                 4.479031985359012
133.0830830830831                                 4.546502449515346
133.3733733733734                                 4.6176432762991135
133.66366366366367                                4.692013437148463
133.95395395395397                                4.769357887585556
134.24424424424424                                4.849459653620628
134.53453453453454                                4.93189506959033
134.82482482482484                                5.0161253179005465
135.1151151151151                                 5.1015117321256245
135.4054054054054                                 5.187021354090363
135.6956956956957                                 5.27150876507712
135.985985985986                                  5.353819402616963
136.2762762762763                                 5.432223462374037
136.5665665665666                                 5.504783852544232
136.85685685685687                                5.56963536590434
137.14714714714717                                5.62441640248919
137.43743743743744                                5.66641058825405
137.72772772772774                                5.693712469357249
138.018018018018                                  5.704039129555817
138.30830830830828                                5.6949038888539985
138.59859859859858                                5.665749441862696
138.88888888888889                                5.614619998325798
139.1791791791792                                 5.541776689634181
139.4694694694695                                 5.448179719101505
139.7597597597598                                 5.335070610473995
140.05005005005006                                5.204344530779204
140.34034034034033                                5.0592864214367355
140.63063063063063                                4.901409015390195
140.92092092092093                                4.733913132839911
141.2112112112112                                 4.560229113222381
141.5015015015015                                 4.383142332956841
141.79179179179178                                4.20481397326448
142.08208208208208                                4.027318381206839
142.37237237237238                                3.8523542026859996
142.66266266266268                                3.6812922066425475
142.95295295295298                                3.514601584771921
143.24324324324323                                3.3543384229671367
143.53353353353353                                3.1993134905491267
143.82382382382383                                3.0509872453176192
144.1141141141141                                 2.9095436283423597
144.4044044044044                                 2.7737044524718284
144.6946946946947                                 2.6447262755422654
144.98498498498498                                2.5221533647657406
145.27527527527528                                2.4057425609655962
145.56556556556558                                2.2949772709714087
145.85585585585588                                2.1895578355474012
146.14614614614615                                2.0892704226202876
146.43643643643645                                1.994429191881589
146.72672672672672                                1.9036494966047033
147.01701701701703                                1.8178543608174407
147.30730730730733                                1.7362868345107878
147.5975975975976                                 1.6587679612654407
147.8878878878879                                 1.584723567200898
148.17817817817817                                1.5148119992165379
148.46846846846847                                1.4469796592946658
148.75875875875877                                1.3831816138264874
149.04904904904905                                1.3215353079851107
149.33933933933935                                1.2629176331088414
149.62962962962965                                1.2069700870872466
149.91991991991992                                1.153441742972334
150.21021021021022                                1.102174347082744
150.5005005005005                                 1.0530357061361684
150.7907907907908                                 1.0059019143480705
151.0810810810811                                 0.9614435776971237
151.3713713713714                                 0.9173192897628052
151.66166166166167                                0.875289598776664
151.95195195195194                                0.8358683798276795
152.24224224224224                                0.7965827471811223
152.53253253253254                                0.759153760733231
152.82282282282284                                0.7229569873375076
153.11311311311312                                0.6882654590498918
153.4034034034034                                 0.6546895509913097
153.6936936936937                                 0.6223613904812327
153.983983983984                                  0.5907817774779255
154.2742742742743                                 0.5603268902556355
154.5645645645646                                 0.5311631096545005
154.85485485485486                                0.5034998059753021
155.14514514514514                                0.4748914145858661
155.43543543543544                                0.4477836707413984
155.72572572572574                                0.4218851531598017
156.01601601601604                                0.3964063358039539
156.3063063063063                                 0.37150779272349244
156.59659659659658                                0.3473031600196717
156.88688688688688                                0.32393787661492024
157.17717717717719                                0.3012433428451777
157.4674674674675                                 0.27897348040997677
157.7577577577578                                 0.25757116044729506
158.04804804804803                                0.23620209399421677
158.33833833833833                                0.21543207804026654
158.62862862862863                                0.1955385932883127
158.91891891891893                                0.17571783763191007
159.20920920920923                                0.15662250587826934
159.4994994994995                                 0.137683537956357
159.78978978978978                                0.11931901795979699
160.08008008008008                                0.10141856419925116
160.37037037037038                                0.08384100189349677
160.66066066066068                                0.0668280210572092
160.95095095095095                                0.05010052278221978
161.24124124124123                                0.033743214064674384
161.53153153153153                                0.01794873570682009
161.82182182182183                                0.0022383028298934393
162.11211211211213                                0.012836318707606655
162.4024024024024                                 0.027324476151729192
162.6926926926927                                 0.041624995329782616
162.98298298298297                                0.055190313102109534
163.27327327327328                                0.06861874758071004
163.56356356356358                                0.0812805069085145
163.85385385385388                                0.0935281199286526
164.14414414414415                                0.10500465450360792
164.43443443443442                                0.1160579134329866
164.72472472472472                                0.1260749628512811
165.01501501501502                                0.13555302006966366
165.30530530530532                                0.14408008611270362
165.5955955955956                                 0.15111715766893338
165.8858858858859                                 0.1571882088107196
166.17617617617617                                0.16189228069449665
166.46646646646647                                0.16498710628689048
166.75675675675677                                0.1662352672057194
167.04704704704704                                0.16533270882611786
167.33733733733735                                0.16190824086010763
167.62762762762765                                0.1545617055013469
167.91791791791792                                0.14481414274307974
168.20820820820822                                0.12974791376685266
168.4984984984985                                 0.11069828097518962
168.7887887887888                                 0.08619252618303215
169.0790790790791                                 0.05436909206913303
169.36936936936937                                0.015460917491620638
169.65965965965967                                0.03224105908729744
169.94994994994994                                0.0892899347431069
170.24024024024024                                0.15562043463913208
170.53053053053054                                0.2304135795938675
170.82082082082084                                0.31241800103106976
171.11111111111111                                0.40020500177996093
171.4014014014014                                 0.4907078584051186
171.6916916916917                                 0.5805198257256691
171.981981981982                                  0.6673234780850547
172.2722722722723                                 0.7488564593071606
172.5625625625626                                 0.8236189704906925
172.85285285285286                                0.8924200246475836
173.14314314314313                                0.9546850392965284
173.43343343343344                                1.0118737080740827
173.72372372372374                                1.0647202376972331
174.01401401401404                                1.1137771671288417
174.3043043043043                                 1.1597745683534335
174.59459459459458                                1.2042149825312507
174.88488488488488                                1.2487534318252265
175.17517517517518                                1.2924327429767701
175.46546546546548                                1.3353511194848773
175.75575575575579                                1.3785105729942129
176.04604604604603                                1.4226435739690053
176.33633633633633                                1.4673658283633646
176.62662662662663                                1.513235182066258
176.91691691691693                                1.5603728083444088
177.20720720720723                                1.6091873134518897
177.49749749749748                                1.6598009461350003
177.78778778778778                                1.712631226698326
178.07807807807808                                1.767357438465563
178.36836836836838                                1.8246452964582436
178.65865865865868                                1.8846168207885134
178.94894894894895                                1.9474747620704511
179.23923923923923                                2.0132806288680545
179.52952952952953                                2.0826412613162573
179.81981981981983                                2.1555753894871437
180.11011011011013                                2.232244365544934
180.4004004004004                                 2.3135897504482994
180.6906906906907                                 2.399230904392033
180.98098098098097                                2.490033955471354
181.27127127127127                                2.5862103329570636
181.56156156156158                                2.688624103322228
181.85185185185188                                2.7973394765463317
182.14214214214215                                2.9128272250676863
182.43243243243242                                3.0362245488786477
182.72272272272272                                3.168144648064381
183.01301301301302                                3.309300714061328
183.30330330330332                                3.4610148410770067
183.5935935935936                                 3.624132284387047
183.8838838838839                                 3.7991881015097855
184.17417417417417                                3.987526810392528
184.46446446446447                                4.190914755767416
184.75475475475477                                4.410702742690827
185.04504504504504                                4.647299921604158
185.33533533533534                                4.906757935671653
185.62562562562564                                5.175395957763733
185.91591591591592                                5.481051805753355
186.20620620620622                                5.808085925270802
186.4964964964965                                 6.160412294418895
186.7867867867868                                 6.539115275900959
187.0770770770771                                 6.943928678514315
187.36736736736736                                7.373906775548158
187.65765765765767                                7.824606918778017
187.94794794794794                                8.289504452201973
188.23823823823824                                8.757964833093826
188.52852852852854                                9.21458090095906
188.81881881881884                                9.640450196171221
189.1091091091091                                 10.012544160623177
189.3993993993994                                 10.307699558350155
189.6896896896897                                 10.506436458831793
189.97997997998                                   10.595340526389252
190.2702702702703                                 10.571997699495123
190.5605605605606                                 10.444540239221737
190.85085085085086                                10.228402210213185
191.14114114114113                                9.9452866151835
191.43143143143143                                9.615810691152292
191.72172172172174                                9.25928564458073
192.01201201201204                                8.892896068560724
192.3023023023023                                 8.527707303415992
192.59259259259258                                8.171691586597056
192.88288288288288                                7.830558977523378
193.17317317317318                                7.508929983050381
193.46346346346348                                7.206040251329749
193.75375375375378                                6.92363390528416
194.04404404404403                                6.660525324668434
194.33433433433433                                6.416565995453016
194.62462462462463                                6.190579125663726
194.91491491491493                                5.98194866894031
195.20520520520523                                5.787904426217104
195.49549549549548                                5.608687133098886
195.78578578578578                                5.442509447011122
196.07607607607608                                5.288217335934306
196.36636636636638                                5.1461381477382915
196.65665665665668                                5.013936436770741
196.94694694694695                                4.890912491510248
197.23723723723722                                4.776722645831714
197.52752752752752                                4.670783475642332
197.81781781781783                                4.572407391910906
198.10810810810813                                4.480765862318618
198.39839839839843                                4.396098344216463
198.6886886886887                                 4.31647925383372
198.97897897897897                                4.243268939239127
199.26926926926927                                4.174716980959733
199.55955955955957                                4.111000915351563
199.84984984984987                                4.051789703913306
200.14014014014015                                3.9969037640203378
200.43043043043042                                3.945435162327666
200.72072072072072                                3.899203877000523
201.01101101101102                                3.855589069378776
201.30130130130132                                3.8162955012650333
201.5915915915916                                 3.7793799621011943
201.8818818818819                                 3.7460128383098823
202.17217217217217                                3.715545946723022
202.46246246246247                                3.687700583413109
202.75275275275277                                3.6623541838880005
203.04304304304304                                3.639949126407644
203.33333333333334                                3.6198784709829703
203.62362362362364                                3.602267239442535
203.91391391391392                                3.58675314399699
204.20420420420422                                3.573270140705404
204.4944944944945                                 3.561869015441843
204.7847847847848                                 3.551600433433601
205.0750750750751                                 3.542308811919442
205.36536536536536                                3.5338538810942968
205.65565565565566                                3.5230750219009144
205.94594594594594                                3.5079793007394433
206.23623623623624                                3.4814460612348808
206.52652652652654                                3.4210017617231996
206.81681681681684                                3.2346768526670338
207.1071071071071                                 1.6277797854350708
207.3973973973974                                 4.376207871531691
207.68768768768768                                4.104113767071742
207.977977977978                                  4.043719471209075
208.2682682682683                                 4.072297178890998
208.5585585585586                                 4.147891204552178
208.84884884884886                                4.287447397913466
209.13913913913913                                4.522651094759851
209.42942942942943                                5.072201785704108
209.71971971971973                                7.306032751355843
210.01001001001003                                1.0657366902088525
210.3003003003003                                 2.131635256848061
210.59059059059058                                2.700728962730965
210.88088088088088                                2.322876947666783
211.17117117117118                                3.91869187240909
211.46146146146148                                3.7665317761717025
211.75175175175178                                3.8935547352071804
212.04204204204203                                4.001593854165847
212.33233233233233                                4.148887407921488
212.62262262262263                                4.3223527531499
212.91291291291293                                4.99102062885363
213.20320320320323                                5.368173835167488
213.49349349349347                                2.898226756703196
213.78378378378378                                2.944794027754686
214.07407407407408                                3.7137081992337775
214.36436436436438                                4.294192099117705
214.65465465465468                                5.210590068177917
214.94494494494495                                7.227930918605265
215.23523523523522                                1.4895350264382408
215.52552552552552                                1.0052983020419892
215.81581581581582                                1.684215520699743
216.10610610610613                                1.9318819701875405
216.39639639639643                                1.9951494158197
216.6866866866867                                 1.9481972143414334
216.97697697697697                                1.8169862401786905
217.26726726726727                                1.6094660352482966
217.55755755755757                                1.3292279485715905
217.84784784784787                                0.9647640359655658
218.13813813813815                                0.5197127040294556
218.42842842842842                                0.013419150889629156
218.71871871871872                                0.6124662494059057
219.00900900900902                                1.2691419370172745
219.29929929929932                                1.9380788039522125
219.5895895895896                                 2.564380132646638
219.8798798798799                                 3.0915492589426545
220.17017017017017                                3.4971865604315315
220.46046046046047                                3.7643497955716922
220.75075075075077                                3.9130642318888764
221.04104104104104                                3.961320826804387
221.33133133133134                                3.9548901759115322
221.62162162162164                                3.898501976023091
221.91191191191191                                3.812134844878999
222.20220220220222                                3.70770083289812
222.4924924924925                                 3.5928033559140324
222.7827827827828                                 3.4727661451203122
223.0730730730731                                 3.351580737522131
223.36336336336336                                3.2319017945734196
223.65365365365366                                3.1139803102922885
223.94394394394394                                2.999590216891572
224.23423423423424                                2.8890721503323578
224.52452452452454                                2.782698687622488
224.81481481481484                                2.6810525557907
225.1051051051051                                 2.5833410922554116
225.3953953953954                                 2.4905746689528137
225.68568568568568                                2.40149113763593
225.97597597597598                                2.3162671518037814
226.26626626626629                                2.2349997279418585
226.5565565565566                                 2.1573675117974043
226.84684684684686                                2.083335129629195
227.13713713713713                                2.0124034878398613
227.42742742742743                                1.9448421636781013
227.71771771771773                                1.8796734494431007
228.00800800800803                                1.817499973335969
228.2982982982983                                 1.7574201483653598
228.58858858858858                                1.6993306973069175
228.87887887887888                                1.6388041222973544
229.16916916916918                                1.5935563405780226
229.45945945945948                                1.540961448368219
229.74974974974978                                1.4903277403906194
230.04004004004003                                1.4424227322017495
230.33033033033033                                1.3946840154185896
230.62062062062063                                1.3481674571173359
230.91091091091093                                1.303199442217616
231.20120120120123                                1.257481714764869
231.49149149149147                                1.212945430105759
231.78178178178177                                1.168679811750638
232.07207207207207                                1.1245002189708941
232.36236236236238                                1.0793285661094827
232.65265265265268                                1.0340297766699516
232.94294294294298                                0.9863880623494341
233.23323323323322                                0.9369270285278138
233.52352352352352                                0.8849910636003819
233.81381381381382                                0.8292549446821526
234.10410410410412                                0.7695980402769463
234.39439439439442                                0.7028549049074733
234.6846846846847                                 0.6290829690572861
234.97497497497497                                0.5456565719195244
235.26526526526527                                0.45057250743013466
235.55555555555557                                0.33819194489614646
235.84584584584587                                0.26715989329618983
236.13613613613614                                0.12600621623628394
236.42642642642642                                0.004246618286488816
236.71671671671672                                0.1180056819626487
237.00700700700702                                0.2175632008590112
237.29729729729732                                0.29545329310452406
237.5875875875876                                 0.3487430655431946
237.8778778778779                                 0.37691650471015176
238.16816816816817                                0.38215714955928565
238.45845845845847                                0.3661296160194217
238.74874874874877                                0.32659453864443855
239.03903903903904                                0.2586914194089928
239.32932932932934                                0.14617097226280404
239.61961961961964                                0.09083290451815187
239.9099099099099                                 1.197475192958668
240.20020020020021                                1.1971237350672148
240.4904904904905                                 1.7148688933752911
240.7807807807808                                 0.8765574514931066
241.0710710710711                                 0.633245373292025
241.36136136136136                                0.49380897549467806
241.65165165165166                                0.3915104145132606
241.94194194194196                                0.306433906498853
242.23223223223223                                0.2319249630672784
242.52252252252254                                0.1639308716813424
242.81281281281284                                0.09932983838162987
243.1031031031031                                 0.11285492060158968
243.3933933933934                                 0.002578250714697446
243.68368368368368                                0.04917712662022221
243.97397397397398                                0.09533624281038629
244.26426426426428                                0.136256066252167
244.55455455455456                                0.174229146151511
244.84484484484486                                0.2087072063802009
245.13513513513513                                0.24017179007828712
245.42542542542543                                0.2683668366744355
245.71571571571573                                0.2941619848788339
246.00600600600603                                0.317282205747541
246.2962962962963                                 0.33728138090891907
246.58658658658658                                0.3565805524907845
246.87687687687688                                0.37426905824480416
247.16716716716718                                0.3896890791012482
247.45745745745748                                0.40356322715006215
247.74774774774778                                0.4165764417813454
248.03803803803802                                0.42861455085409983
248.32832832832833                                0.43888921416974275
248.61861861861863                                0.4490557065949698
248.90890890890893                                0.4576951742989641
249.19919919919923                                0.46623240411386013
249.48948948948947                                0.4743397644742516
249.77977977977977                                0.48179899068458576
250.07007007007007                                0.4881675883919519
250.36036036036037                                0.4945414331044144
250.65065065065068                                0.5007763720583631
250.94094094094098                                0.5064616253989294
251.23123123123122                                0.5123913002385657
251.52152152152152                                0.5176890431843103
251.81181181181182                                0.5228481061762
252.10210210210212                                0.5282890896816521
252.39239239239242                                0.5332410051132883
252.68268268268267                                0.538398248359262
252.97297297297297                                0.5432476953594465
253.26326326326327                                0.5481720145099882
253.55355355355357                                0.5532432747929875
253.84384384384387                                0.5583648525877865
254.13413413413414                                0.563381651419746
254.42442442442442                                0.5683816450610706
254.71471471471472                                0.573856481680451
255.00500500500502                                0.5790965392491612
255.29529529529532                                0.5846877104328416
255.5855855855856                                 0.5903891263832585
255.8758758758759                                 0.5960486690296641
256.1661661661662                                 0.6022429087642247
256.45645645645646                                0.608533358962568
256.7467467467468                                 0.6150474298447468
257.037037037037                                  0.6218465558827043
257.32732732732734                                0.6286336810976554
257.6176176176176                                 0.6359996586892267
257.90790790790794                                0.6437774299529022
258.1981981981982                                 0.6517786971448626
258.4884884884885                                 0.6600572206053874
258.77877877877876                                0.6685955690980071
259.0690690690691                                 0.677718618061343
259.35935935935936                                0.687040365620535
259.6496496496497                                 0.6973007272800062
259.93993993993996                                0.7087127790135641
260.23023023023023                                0.711902862772056
260.5205205205205                                 0.7291117109818892
260.81081081081084                                0.741610561652057
261.1011011011011                                 0.7547393473544213
261.39139139139144                                0.768239896778953
261.68168168168165                                0.7826267917813545
261.971971971972                                  0.797944353486317
262.26226226226225                                0.8139731154939326
262.5525525525526                                 0.8314827510692774
262.84284284284286                                0.8482025068145655
263.13313313313313                                0.8678823745242595
263.4234234234234                                 0.8890607671172952
263.71371371371373                                0.9117285168977652
264.004004004004                                  0.9361867311078701
264.29429429429433                                0.9636132144101696
264.5845845845846                                 0.9968979449092434
264.8748748748749                                 1.0518486757230527
265.16516516516515                                0.9221132648306807
265.4554554554555                                 1.0417713411411451
265.74574574574575                                1.0889576049052692
266.036036036036                                  1.132181710537358
266.32632632632635                                1.1769770752556892
266.6166166166166                                 1.2253051615023134
266.9069069069069                                 1.27804568527039
267.1971971971972                                 1.3368479874009556
267.4874874874875                                 1.403149165878347
267.77777777777777                                1.4788942215184602
268.0680680680681                                 1.56952228114156
268.3583583583584                                 1.669718771467106
268.64864864864865                                1.805595387375068
268.938938938939                                  2.002044646734467
269.2292292292292                                 1.348762026884203
269.5195195195196                                 2.2540742177743684
269.8098098098098                                 2.6444321663164607
270.1001001001001                                 3.2193378750594586
270.3903903903904                                 4.257836052784458
270.68068068068067                                6.2695849350804425
270.970970970971                                  5.3243120438321885
271.26126126126127                                2.0888189450219907
271.55155155155154                                0.6882328768337811
271.84184184184187                                0.030671073937932378
272.13213213213214                                0.4773001469385034
272.4224224224224                                 0.8059359353497797
272.71271271271274                                1.0704250306133916
273.003003003003                                  1.3045414233022208
273.29329329329335                                1.5072867200152031
273.58358358358356                                1.6976284594502267
273.8738738738739                                 1.8731611916160582
274.16416416416416                                2.0325902326948997
274.4544544544545                                 2.170864968002731
274.74474474474476                                2.2817251620176746
275.035035035035                                  2.3585928948469173
275.32532532532537                                2.3975475675587394
275.6156156156156                                 2.409007049829903
275.90590590590597                                2.3654876123725304
276.1961961961962                                 2.296569670614814
276.48648648648646                                2.2050091564740057
276.7767767767768                                 2.0983287786304317
277.06706706706706                                1.9832331066197573
277.3573573573574                                 1.8651254161081923
277.64764764764766                                1.749191773075612
277.937937937938                                  1.6342944835319195
278.2282282282282                                 1.5245814329656864
278.51851851851853                                1.4201949198725927
278.8088088088088                                 1.3215632391063046
279.0990990990991                                 1.227615344873322
279.3893893893894                                 1.1388254886385738
279.6796796796797                                 1.0545373506055962
279.96996996996995                                0.9744355948625443
280.2602602602603                                 0.8974427768544688
280.55055055055055                                0.8228531728871453
280.8408408408409                                 0.7511608936312052
281.13113113113116                                0.6802621388290587
281.4214214214214                                 0.6107749236854587
281.71171171171176                                0.5414573360154893
282.002002002002                                  0.47231674047936073
282.2922922922923                                 0.40244944865632487
282.5825825825826                                 0.33112802316896495
282.8728728728729                                 0.25698879892269116
283.1631631631632                                 0.17932912632277878
283.45345345345345                                0.09675370224496804
283.7437437437438                                 0.00686513229484719
284.03403403403405                                0.09661212129722682
284.3243243243244                                 0.22806626655440276
284.61461461461465                                0.5624033315409225
284.90490490490487                                0.20300778590087917
285.1951951951952                                 0.4386746284923042
285.48548548548547                                0.6230866196112782
285.7757757757758                                 0.8223383626007705
286.06606606606607                                1.0559059002079991
286.35635635635634                                1.340077191133373
286.6466466466467                                 1.690546789198074
286.93693693693695                                2.112924245083045
287.2272272272273                                 2.5579486784667758
287.51751751751755                                2.8625765929705143
287.80780780780776                                2.817417989548966
288.0980980980981                                 2.4465963352997595
288.38838838838836                                1.9756727837970702
288.6786786786787                                 1.5385945422184801
288.96896896896897                                1.1612479598779313
289.2592592592593                                 0.8348838148504066
289.54954954954957                                0.5429873889321504
289.83983983983984                                0.2708104649519576
290.13013013013017                                0.008855047182296318
290.42042042042044                                0.260717486426424
290.71071071071077                                0.5365369735152041
291.001001001001                                  0.8661300798310327
291.29129129129126                                1.207399615753463
291.5815815815816                                 1.6257829100953491
291.87187187187186                                2.1867356564200806
292.1621621621622                                 3.0635949509772384
292.45245245245246                                4.907332654266957
292.7427427427428                                 4.83482996636688
293.03303303303306                                22.21777837411811
293.32332332332334                                8.432869166802147
293.61361361361367                                2.580378251998663
293.9039039039039                                 1.242428819958717
294.1941941941942                                 0.7034143894091768
294.4844844844845                                 0.5077794354611231
294.77477477477476                                0.5375091968795032
295.0650650650651                                 0.7156047282005668
295.35535535535536                                1.0132480123754937
295.6456456456457                                 1.3947748150192496
295.93593593593596                                1.8428448227506755
296.22622622622623                                2.3464067103094104
296.51651651651656                                4.608225120000857
296.8068068068068                                 2.741208930871509
297.0970970970971                                 3.1774136031840152
297.3873873873874                                 3.505804318539933
297.67767767767765                                3.790194381648559
297.967967967968                                  4.052525487038655
298.25825825825825                                4.369415244141789
298.5485485485486                                 4.316952378291885
298.83883883883885                                4.630491800128622
299.1291291291292                                 4.884502188179311
299.41941941941946                                5.159877043756946
299.7097097097097                                 5.296601159560691
300                                               5.848535998498958
