% Model:              empty_box_fullwave_3.1.21.mph
% Version:            COMSOL 5.4.0.388
% Date:               Apr 1 2021, 23:04
% Table:              Table 6 - Ex center (abs(emw.Ex))
% freq (MHz)             abs(emw.Ex) (V/m), Point: (-0.04412, 0, 0.03)
10                       1.0269336724794889
10.29029029029029        1.0269336724794889
10.58058058058058        1.0269336724794889
10.87087087087087        1.0269336724794889
11.16116116116116        1.0269336724794889
11.451451451451451       1.0269336724794889
11.741741741741743       1.0269336724794889
12.032032032032031       1.0269336724794889
12.322322322322321       1.0269336724794889
12.612612612612612       1.0269336724794889
12.902902902902902       1.0269336724794889
13.193193193193192       1.0269336724794889
13.483483483483484       1.0269336724794889
13.773773773773774       1.0269336724794889
14.064064064064064       1.0269336724794889
14.354354354354355       1.0269336724794889
14.644644644644643       1.0269336724794889
14.934934934934935       1.0269336724794889
15.225225225225225       1.0269336724794889
15.515515515515515       1.0269336724794889
15.805805805805806       1.0269336724794889
16.096096096096097       1.0269336724794889
16.386386386386388       1.0269336724794889
16.676676676676678       1.0269336724794889
16.966966966966968       1.0269336724794889
17.257257257257255       1.0269336724794889
17.54754754754755        1.0269336724794889
17.837837837837835       1.0269336724794889
18.12812812812813        1.0269336724794889
18.41841841841842        1.0269336724794889
18.70870870870871        1.0269336724794889
18.998998998999          1.0269336724794889
19.289289289289286       1.0269336724794889
19.57957957957958        1.0269336724794889
19.869869869869873       1.0269336724794889
20.16016016016016        1.0269336724794889
20.45045045045045        1.0269336724794889
20.74074074074074        1.0269336724794889
21.03103103103103        1.0269336724794889
21.32132132132132        1.0269336724794889
21.61161161161161        1.0269336724794889
21.9019019019019         1.0269336724794889
22.19219219219219        1.0269336724794889
22.482482482482485       1.0269336724794889
22.772772772772772       1.0269336724794889
23.063063063063062       1.0269336724794889
23.353353353353356       1.0269336724794889
23.643643643643646       1.0269336724794889
23.933933933933936       1.0269336724794889
24.224224224224223       1.0269336724794889
24.514514514514513       1.0269336724794889
24.804804804804803       1.0269336724794889
25.095095095095097       1.0269336724794889
25.385385385385387       1.0269336724794889
25.675675675675674       1.0269336724794889
25.965965965965967       1.0269336724794889
26.256256256256258       1.0269336724794889
26.546546546546548       1.0269336724794889
26.836836836836834       1.0269336724794889
27.127127127127128       1.0269336724794889
27.41741741741742        1.0269336724794889
27.70770770770771        1.0269336724794889
27.997997997998          1.0269336724794889
28.28828828828829        1.0269336724794889
28.57857857857858        1.0269336724794889
28.868868868868866       1.0269336724794889
29.15915915915916        1.0269336724794889
29.44944944944945        1.0269336724794889
29.73973973973974        1.0269336724794889
30.03003003003003        1.0269336724794889
30.32032032032032        1.0269336724794889
30.61061061061061        1.0269336724794889
30.900900900900904       1.0269336724794889
31.19119119119119        1.0269336724794889
31.481481481481485       1.0269336724794889
31.77177177177177        1.0269336724794889
32.06206206206206        1.0269336724794889
32.352352352352355       1.0269336724794889
32.64264264264264        1.0269336724794889
32.932932932932935       1.0269336724794889
33.22322322322322        1.0269336724794889
33.513513513513516       1.0269336724794889
33.8038038038038         1.3810503099044122
34.094094094094096       1.381050309904412
34.38438438438438        1.3810503099044118
34.67467467467468        1.3810503099044118
34.96496496496497        1.381050309904412
35.25525525525525        1.381050309904412
35.545545545545544       1.3810503099044118
35.83583583583584        1.3810503099044118
36.126126126126124       1.3810503099044118
36.41641641641642        1.3810503099044118
36.70670670670671        1.3810503099044118
36.996996996997          1.3810503099044118
37.28728728728729        1.3810503099044118
37.57757757757757        1.3810503099044118
37.86786786786787        1.3810503099044118
38.15815815815816        1.3810503099044118
38.448448448448445       1.3810503099044118
38.738738738738746       1.3810503099044118
39.029029029029026       1.3810503099044118
39.31931931931932        1.3810503099044118
39.609609609609606       1.3810503099044118
39.8998998998999         1.3810503099044118
40.190190190190194       1.3810503099044116
40.48048048048048        1.3810503099044118
40.770770770770774       1.3810503099044114
41.06106106106106        1.3810503099044118
41.35135135135135        1.3810503099044118
41.64164164164165        1.3810503099044118
41.931931931931935       1.3810503099044118
42.22222222222222        1.3810503099044118
42.512512512512515       1.3810503099044118
42.8028028028028         1.3810503099044118
43.093093093093096       1.3810503099044118
43.38338338338338        1.3810503099044118
43.673673673673676       1.3810503099044118
43.96396396396397        1.3810503099044122
44.254254254254256       1.3810503099044122
44.54454454454454        1.3810503099044118
44.83483483483484        1.3810503099044118
45.12512512512512        1.3810503099044116
45.41541541541542        1.9076504422817007
45.70570570570571        1.9076504422817007
45.995995995996          1.9076504422817007
46.286286286286284       1.9076504422817007
46.57657657657658        1.9076504422817007
46.86686686686687        1.9076504422817007
47.15715715715716        1.9076504422817007
47.447447447447445       1.9076504422817004
47.73773773773774        1.9076504422817004
48.02802802802803        1.9076504422817007
48.31831831831832        1.9076504422817007
48.608608608608606       1.9076504422817007
48.8988988988989         1.9076504422817007
49.18918918918919        1.9076504422817004
49.47947947947948        1.9076504422817007
49.76976976976977        1.9076504422817007
50.06006006006006        1.9076504422817007
50.35035035035035        1.9076504422817007
50.64064064064064        1.9076504422817007
50.930930930930934       1.9076504422817007
51.22122122122122        1.9076504422817004
51.51151151151151        1.9076504422817004
51.80180180180181        1.9076504422817004
52.092092092092095       1.9076504422817004
52.38238238238238        1.9076504422817004
52.67267267267267        1.9076504422817004
52.96296296296297        1.9076504422817004
53.253253253253256       2.637745060861623
53.54354354354354        2.637745060861623
53.833833833833836       2.6377450608616235
54.12412412412412        2.637745060861624
54.414414414414416       2.637745060861624
54.70470470470471        2.637745060861624
54.994994994995          2.637745060861624
55.28528528528528        2.637745060861624
55.57557557557558        2.6377450608616244
55.86586586586587        2.6377450608616244
56.15615615615616        2.6377450608616244
56.446446446446444       2.6377450608616244
56.73673673673674        2.6377450608616244
57.02702702702703        2.637745060861625
57.31731731731732        2.637745060861625
57.607607607607605       2.637745060861625
57.8978978978979         2.637745060861625
58.18818818818819        2.637745060861625
58.47847847847848        2.637745060861625
58.76876876876877        3.6166211407489333
59.05905905905906        3.6166211407489333
59.34934934934935        3.6166211407489333
59.63963963963964        3.6166211407489333
59.92992992992993        3.6166211407489333
60.22022022022022        3.6166211407489333
60.51051051051051        3.6166211407489333
60.80080080080081        3.6166211407489333
61.091091091091094       3.6166211407489333
61.38138138138138        3.6166211407489333
61.67167167167167        3.6166211407489333
61.96196196196197        3.6166211407489333
62.252252252252255       4.774716722703096
62.54254254254254        4.774716722703097
62.832832832832835       4.774716722703097
63.12312312312312        4.774716722703097
63.413413413413416       4.774716722703097
63.70370370370371        4.774716722703097
63.993993993993996       4.774716722703096
64.28428428428428        4.774716722703095
64.57457457457458        4.774716722703095
64.86486486486487        6.102486976066115
65.15515515515516        6.102486976066115
65.44544544544544        6.102486976066115
65.73573573573574        6.102486976066113
66.02602602602603        6.102486976066113
66.31631631631632        7.683001186973417
66.6066066066066         7.683001186973417
66.89689689689689        7.683001186973417
67.18718718718719        7.683001186973417
67.47747747747749        7.683001186973417
67.76776776776777        9.058761857207731
68.05805805805805        9.058761857207731
68.34834834834835        11.250477865154657
68.63863863863864        11.250477865154657
68.92892892892894        11.250477865154657
69.21921921921923        11.250477865154657
69.5095095095095         11.250477865154657
69.7997997997998         14.258250050860374
70.09009009009009        14.258250050860374
70.38038038038039        14.258250050860374
70.67067067067067        14.258250050860374
70.96096096096096        14.258250050860374
71.25125125125125        21.919544386167498
71.54154154154155        21.919544386167498
71.83183183183183        21.91954438616749
72.12212212212212        32.76902693476187
72.41241241241242        32.76902693476187
72.7027027027027         47.50384627263294
72.992992992993          64.35353693004053
73.2832832832833         99.73699882554928
73.57357357357358        190.24660556322897
73.86386386386387        3312.967257999242
74.15415415415414        220.99148976527246
74.44444444444444        110.75227156331444
74.73473473473474        70.30642136974355
75.02502502502503        58.65672032653462
75.31531531531532        43.82336103101802
75.6056056056056         33.845983111126664
75.89589589589589        33.845983111126664
76.18618618618619        33.13223320372627
76.47647647647649        23.829998457582807
76.76676676676676        23.829998457582807
77.05705705705705        23.829998457582807
77.34734734734735        17.642733051244953
77.63763763763764        17.642733051244953
77.92792792792794        17.642733051244953
78.21821821821821        17.642733051244953
78.50850850850851        16.583970597481617
78.7987987987988         12.71335457310352
79.08908908908909        12.71335457310352
79.37937937937939        12.71335457310352
79.66966966966967        12.71335457310352
79.95995995995996        12.71335457310352
80.25025025025025        11.695625695706305
80.54054054054055        11.695625695706305
80.83083083083083        10.819231578617869
81.12112112112112        8.8666525172221
81.41141141141142        8.8666525172221
81.7017017017017         8.8666525172221
81.991991991992          8.8666525172221
82.2822822822823         8.8666525172221
82.57257257257257        8.8666525172221
82.86286286286287        8.8666525172221
83.15315315315316        7.917730680825192
83.44344344344344        7.917730680825192
83.73373373373374        7.917730680825192
84.02402402402402        7.917730680825192
84.31431431431432        6.940100649139439
84.60460460460462        6.940100649139439
84.89489489489489        6.940100649139439
85.18518518518519        6.940100649139439
85.47547547547548        5.892572144875483
85.76576576576576        5.892572144875483
86.05605605605606        5.892572144875483
86.34634634634635        5.892572144875482
86.63663663663664        5.8925721448754835
86.92692692692694        5.8925721448754835
87.21721721721721        5.892572144875483
87.50750750750751        5.8925721448754835
87.7977977977978         4.999994780343626
88.08808808808809        4.999994780343625
88.37837837837839        4.999994780343626
88.66866866866867        4.999994780343626
88.95895895895896        4.999994780343625
89.24924924924925        4.999994780343626
89.53953953953955        4.999994780343626
89.82982982982983        4.999994780343626
90.12012012012012        4.999994780343626
90.41041041041042        4.999994780343626
90.7007007007007         4.999994780343626
90.990990990991          4.281836643317803
91.2812812812813         4.281836643317803
91.57157157157157        4.281836643317803
91.86186186186187        4.281836643317803
92.15215215215215        4.281836643317803
92.44244244244244        4.281836643317803
92.73273273273274        4.281836643317803
93.02302302302301        4.281836643317803
93.31331331331332        4.281836643317803
93.60360360360362        4.281836643317803
93.89389389389389        4.281836643317803
94.18418418418419        4.281836643317803
94.47447447447448        4.281836643317803
94.76476476476476        3.721646047023042
95.05505505505506        3.721646047023042
95.34534534534535        3.721646047023042
95.63563563563564        3.721646047023042
95.92592592592594        3.721646047023042
96.21621621621621        3.721646047023042
96.50650650650651        3.721646047023042
96.7967967967968         3.721646047023042
97.08708708708708        3.721646047023042
97.37737737737739        3.721646047023042
97.66766766766767        3.721646047023042
97.95795795795796        3.721646047023042
98.24824824824825        3.721646047023042
98.53853853853855        3.721646047023042
98.82882882882883        3.721646047023042
99.11911911911912        3.721646047023042
99.40940940940942        3.3197399150049023
99.6996996996997         3.3197399150049023
99.98998998999           3.3197399150049023
100.2802802802803        3.3197399150049023
100.57057057057057       3.3197399150049023
100.86086086086087       3.3197399150049023
101.15115115115115       3.3197399150049023
101.44144144144144       3.3197399150049023
101.73173173173174       3.3197399150049023
102.02202202202201       3.3197399150049023
102.31231231231232       3.3197399150049023
102.60260260260262       3.3197399150049023
102.89289289289289       3.3197399150049023
103.18318318318319       3.3197399150049023
103.47347347347348       3.3197399150049023
103.76376376376376       3.3197399150049023
104.05405405405406       3.3197399150049023
104.34434434434435       3.097953974013539
104.63463463463464       3.097953974013539
104.92492492492494       3.097953974013539
105.21521521521521       3.097953974013539
105.50550550550551       3.097953974013539
105.7957957957958        3.097953974013539
106.08608608608608       3.097953974013539
106.37637637637638       3.097953974013539
106.66666666666667       3.097953974013539
106.95695695695696       3.097953974013539
107.24724724724724       3.097953974013539
107.53753753753755       3.097953974013539
107.82782782782783       3.0979539740135387
108.11811811811812       3.0979539740135382
108.40840840840842       3.0979539740135382
108.6986986986987        3.0979539740135382
108.988988988989         3.0979539740135382
109.2792792792793        3.0979539740135382
109.56956956956957       3.043995210862026
109.85985985985987       3.043995210862026
110.15015015015015       3.043995210862026
110.44044044044044       3.043995210862026
110.73073073073074       3.043995210862026
111.02102102102101       3.043995210862026
111.31131131131131       3.043995210862026
111.60160160160162       3.043995210862026
111.89189189189189       3.043995210862026
112.18218218218219       3.043995210862026
112.47247247247248       3.043995210862026
112.76276276276276       3.043995210862026
113.05305305305306       3.043995210862026
113.34334334334335       3.043995210862026
113.63363363363364       3.043995210862026
113.92392392392394       3.043995210862026
114.21421421421421       3.043995210862026
114.50450450450451       3.1497078284840336
114.7947947947948        3.1497078284840336
115.08508508508508       3.149707828484033
115.37537537537538       3.1497078284840336
115.66566566566567       3.149707828484034
115.95595595595596       3.149707828484034
116.24624624624624       3.149707828484034
116.53653653653654       3.149707828484034
116.82682682682683       3.149707828484034
117.11711711711712       3.149707828484034
117.40740740740742       3.149707828484034
117.6976976976977        3.149707828484034
117.98798798798799       3.149707828484034
118.27827827827828       3.1497078284840336
118.56856856856857       3.149707828484033
118.85885885885887       3.4018019453266897
119.14914914914915       3.4018019453266897
119.43943943943944       3.4018019453266897
119.72972972972974       3.4018019453266897
120.02002002002001       3.4018019453266897
120.31031031031031       3.4018019453266897
120.60060060060061       3.4018019453266897
120.89089089089089       3.4018019453266897
121.18118118118119       3.4018019453266897
121.47147147147149       3.4018019453266897
121.76176176176176       3.4018019453266897
122.05205205205206       3.758157021472398
122.34234234234233       3.758157021472398
122.63263263263264       3.758157021472398
122.92292292292294       3.758157021472398
123.21321321321321       3.758157021472398
123.50350350350351       3.758157021472398
123.7937937937938        3.758157021472398
124.08408408408408       3.758157021472398
124.37437437437438       3.758157021472398
124.66466466466467       4.178614780364807
124.95495495495496       4.178614780364807
125.24524524524524       4.178614780364807
125.53553553553554       4.178614780364807
125.82582582582583       4.178614780364807
126.11611611611612       4.178614780364807
126.40640640640642       4.701870485848636
126.6966966966967        4.701870485848636
126.98698698698699       4.701870485848636
127.27727727727728       4.7018704858486355
127.56756756756756       4.701870485848635
127.85785785785787       4.701870485848635
128.14814814814815       5.150202672711059
128.43843843843845       5.1502026727110595
128.72872872872873       5.1502026727110595
129.01901901901903       5.852880287742516
129.3093093093093        5.852880287742516
129.5995995995996        5.852880287742516
129.8898898898899        5.852880287742516
130.18018018018017       5.852880287742516
130.47047047047047       6.544507450267164
130.76076076076077       6.544507450267164
131.05105105105105       6.544507450267165
131.34134134134135       6.544507450267165
131.63163163163165       6.544507450267165
131.92192192192192       6.544507450267165
132.21221221221222       6.544507450267165
132.50250250250252       8.558504995374161
132.7927927927928        8.558504995374161
133.0830830830831        8.558504995374161
133.3733733733734        8.558504995374161
133.66366366366367       8.558504995374161
133.95395395395397       11.423242680353475
134.24424424424424       11.423242680353473
134.53453453453454       11.423242680353471
134.82482482482484       14.945082311512795
135.1151151151151        14.945082311512795
135.4054054054054        14.945082311512795
135.6956956956957        19.57610719220225
135.985985985986         25.24593258806275
136.2762762762763        32.53520676241322
136.5665665665666        32.53520676241322
136.85685685685687       54.159405480346535
137.14714714714717       115.2021905453714
137.43743743743744       1187.8754563845582
137.72772772772774       141.82379821762157
138.018018018018         69.5384858062289
138.30830830830828       42.89825159796218
138.59859859859858       36.54472700031216
138.88888888888889       26.490731579294156
139.1791791791792        23.309432259594168
139.4694694694695        19.164798371976016
139.7597597597598        14.445636419195603
140.05005005005006       14.445636419195603
140.34034034034033       14.263335021956244
140.63063063063063       10.674256338923758
140.92092092092093       10.674256338923758
141.2112112112112        10.460717328703788
141.5015015015015        7.88362648546599
141.79179179179178       7.88362648546599
142.08208208208208       7.88362648546599
142.37237237237238       7.88362648546599
142.66266266266268       7.88362648546599
142.95295295295298       5.747589217720825
143.24324324324323       5.747589217720825
143.53353353353353       5.747589217720826
143.82382382382383       5.747589217720826
144.1141141141141        5.747589217720825
144.4044044044044        5.451970234675635
144.6946946946947        3.9132877060082696
144.98498498498498       3.9132877060082696
145.27527527527528       3.9132877060082696
145.56556556556558       3.9132877060082696
145.85585585585588       3.9132877060082696
146.14614614614615       3.9132877060082696
146.43643643643645       3.9132877060082696
146.72672672672672       3.5977866656074053
147.01701701701703       3.5977866656074053
147.30730730730733       3.160381991511908
147.5975975975976        3.160381991511908
147.8878878878879        2.34564464729167
148.17817817817817       2.34564464729167
148.46846846846847       2.34564464729167
148.75875875875877       2.34564464729167
149.04904904904905       2.3456446472916705
149.33933933933935       2.34564464729167
149.62962962962965       2.34564464729167
149.91991991991992       2.345644647291671
150.21021021021022       2.345644647291671
150.5005005005005        2.345644647291671
150.7907907907908        2.010253032849323
151.0810810810811        2.010253032849323
151.3713713713714        2.010253032849323
151.66166166166167       1.7206781508606555
151.95195195195194       1.7206781508606555
152.24224224224224       1.3396622646832315
152.53253253253254       1.3396622646832315
152.82282282282284       1.3396622646832312
153.11311311311312       1.3396622646832315
153.4034034034034        1.3396622646832315
153.6936936936937        1.3396622646832315
153.983983983984         0.9163416366301804
154.2742742742743        0.9163416366301804
154.5645645645646        0.9163416366301804
154.85485485485486       0.9163416366301804
155.14514514514514       0.9163416366301804
155.43543543543544       0.9163416366301804
155.72572572572574       0.9163416366301804
156.01601601601604       0.9163416366301804
156.3063063063063        0.9163416366301804
156.59659659659658       0.9163416366301804
156.88688688688688       0.5612560465889842
157.17717717717719       0.5612560465889842
157.4674674674675        0.5612560465889842
157.7577577577578        0.5612560465889842
158.04804804804803       0.5612560465889842
158.33833833833833       0.5612560465889842
158.62862862862863       0.5612560465889842
158.91891891891893       0.5612560465889843
159.20920920920923       0.5612560465889842
159.4994994994995        0.229394665931532
159.78978978978978       0.229394665931532
160.08008008008008       0.229394665931532
160.37037037037038       0.229394665931532
160.66066066066068       0.229394665931532
160.95095095095095       0.229394665931532
161.24124124124123       0.229394665931532
161.53153153153153       0.229394665931532
161.82182182182183       0.229394665931532
162.11211211211213       0.22939466593153193
162.4024024024024        0.07918510361443853
162.6926926926927        0.07918510361443853
162.98298298298297       0.07918510361443853
163.27327327327328       0.07918510361443853
163.56356356356358       0.07918510361443853
163.85385385385388       0.07918510361443853
164.14414414414415       0.07918510361443853
164.43443443443442       0.07918510361443853
164.72472472472472       0.07918510361443853
165.01501501501502       0.3784240408985275
165.30530530530532       0.3784240408985275
165.5955955955956        0.3784240408985275
165.8858858858859        0.3784240408985275
166.17617617617617       0.3784240408985275
166.46646646646647       0.3784240408985275
166.75675675675677       0.3784240408985275
167.04704704704704       0.3784240408985275
167.33733733733735       0.6624557015506549
167.62762762762765       0.6624557015506549
167.91791791791792       0.6624557015506549
168.20820820820822       0.6624557015506549
168.4984984984985        0.6624557015506549
168.7887887887888        0.662455701550655
169.0790790790791        0.6624557015506549
169.36936936936937       0.6624557015506549
169.65965965965967       0.95818509958672
169.94994994994994       0.95818509958672
170.24024024024024       0.95818509958672
170.53053053053054       0.95818509958672
170.82082082082084       0.9581850995867199
171.11111111111111       1.2741314423254329
171.4014014014014        1.2741314423254329
171.6916916916917        1.2741314423254329
171.981981981982         1.2741314423254329
172.2722722722723        1.2741314423254329
172.5625625625626        1.2741314423254329
172.85285285285286       1.2741314423254329
173.14314314314313       1.2741314423254329
173.43343343343344       1.5181408947558126
173.72372372372374       1.5181408947558128
174.01401401401404       1.8742226829540025
174.3043043043043        1.8742226829540025
174.59459459459458       1.8742226829540025
174.88488488488488       1.8742226829540025
175.17517517517518       1.8742226829540023
175.46546546546548       1.8742226829540023
175.75575575575579       1.8742226829540023
176.04604604604603       2.281244311727712
176.33633633633633       2.281244311727712
176.62662662662663       2.281244311727712
176.91691691691693       2.281244311727712
177.20720720720723       2.2812443117277126
177.49749749749748       2.2812443117277126
177.78778778778778       2.2812443117277126
178.07807807807808       2.4125836783128487
178.36836836836838       3.003818319490425
178.65865865865868       3.003818319490425
178.94894894894895       3.003818319490425
179.23923923923923       3.003818319490425
179.52952952952953       3.003818319490425
179.81981981981983       3.5402822804577387
180.11011011011013       3.5402822804577387
180.4004004004004        3.495823527787852
180.6906906906907        4.156905291490126
180.98098098098097       4.156905291490126
181.27127127127127       4.156905291490126
181.56156156156158       5.017087790024946
181.85185185185188       5.017087790024945
182.14214214214215       5.017087790024946
182.43243243243242       5.017087790024945
182.72272272272272       6.402055181226157
183.01301301301302       6.402055181226157
183.30330330330332       6.402055181226157
183.5935935935936        6.402055181226156
183.8838838838839        8.217310628897966
184.17417417417417       8.217310628897966
184.46446446446447       8.217310628897966
184.75475475475477       10.307650495648204
185.04504504504504       10.307650495648204
185.33533533533534       12.453352187511824
185.62562562562564       12.453352187511824
185.91591591591592       14.679919982350397
186.20620620620622       17.23190216068424
186.4964964964965        17.23190216068424
186.7867867867868        22.052762942971412
187.0770770770771        22.05276294297141
187.36736736736736       30.00121047240259
187.65765765765767       37.630211396982304
187.94794794794794       50.0120855627385
188.23823823823824       70.65423678715011
188.52852852852854       120.07204952944905
188.81881881881884       378.557056593959
189.1091091091091        347.410643239253
189.3993993993994        121.7397826339402
189.6896896896897        75.84989492395852
189.97997997998          54.18310410328246
190.2702702702703        44.199514976617166
190.5605605605606        35.29656167284515
190.85085085085086       32.88482432051912
191.14114114114113       28.46919876091613
191.43143143143143       25.001495351545966
191.72172172172174       22.580734799484038
192.01201201201204       21.106460388857144
192.3023023023023        18.47107558887682
192.59259259259258       18.47107558887682
192.88288288288288       17.05505573110617
193.17317317317318       14.925014504092655
193.46346346346348       14.925014504092655
193.75375375375378       14.804007001276547
194.04404404404403       13.394677365876747
194.33433433433433       13.394677365876746
194.62462462462463       11.966492410879738
194.91491491491493       11.966492410879738
195.20520520520523       11.966492410879738
195.49549549549548       11.013986828577973
195.78578578578578       11.013986828577973
196.07607607607608       11.013986828577973
196.36636636636638       9.964513159304994
196.65665665665668       9.964513159304994
196.94694694694695       9.964513159304994
197.23723723723722       9.964513159304996
197.52752752752752       9.845633067820867
197.81781781781783       9.090328601408165
198.10810810810813       9.090328601408165
198.39839839839843       9.090328601408165
198.6886886886887        9.090328601408165
198.97897897897897       9.002480478547383
199.26926926926927       8.861450907115861
199.55955955955957       8.659766235984005
199.84984984984987       8.651141089337127
200.14014014014015       8.4975656731115
200.43043043043042       8.464994716134031
200.72072072072072       8.2203040229927
201.01101101101102       8.2203040229927
201.30130130130132       8.2203040229927
201.5915915915916        8.2203040229927
201.8818818818819        8.2203040229927
202.17217217217217       8.20538736523566
202.46246246246247       8.060319902339543
202.75275275275277       8.060319902339543
203.04304304304304       8.060319902339543
203.33333333333334       8.060319902339543
203.62362362362364       8.060319902339543
203.91391391391392       8.129368126860966
204.20420420420422       8.129368126860966
204.4944944944945        8.1671663266471
204.7847847847848        8.359924830368328
205.0750750750751        8.359924830368328
205.36536536536536       8.359924830368328
205.65565565565566       8.359924830368328
205.94594594594594       8.359924830368328
206.23623623623624       8.359924830368328
206.52652652652654       8.949248784861647
206.81681681681684       8.949248784861647
207.1071071071071        8.949248784861647
207.3973973973974        8.949248784861647
207.68768768768768       9.372870457119673
207.977977977978         9.372870457119674
208.2682682682683        10.096602752252089
208.5585585585586        10.096602752252089
208.84884884884886       10.096602752252087
209.13913913913913       10.992245857444985
209.42942942942943       10.992245857444985
209.71971971971973       11.019929226063695
210.01001001001003       12.050478861593842
210.3003003003003        12.31826793209127
210.59059059059058       13.177482435945695
210.88088088088088       14.269551712693001
211.17117117117118       14.990829256032686
211.46146146146148       16.637616192744417
211.75175175175178       19.918534193359946
212.04204204204203       19.918534193359946
212.33233233233233       25.255272627417312
212.62262262262263       25.255272627417312
212.91291291291293       35.15297639396217
213.20320320320323       42.49627347706763
213.49349349349347       69.71371275461323
213.78378378378378       159.1408252443412
214.07407407407408       459.54627767909847
214.36436436436438       91.30522010423245
214.65465465465468       49.489325709283776
214.94494494494495       33.1512481416235
215.23523523523522       22.82728457536956
215.52552552552552       20.050755897386196
215.81581581581582       14.440462940707636
216.10610610610613       11.011950856595275
216.39639639639643       11.011950856595275
216.6866866866867        7.963583728766639
216.97697697697697       5.688850209854659
217.26726726726727       5.688850209854659
217.55755755755757       4.672648585089345
217.84784784784787       1.8429374193753618
218.13813813813815       1.842937419375362
218.42842842842842       1.842937419375362
218.71871871871872       0.18136926817730334
219.00900900900902       0.4821824615664577
219.29929929929932       3.0048925048319477
219.5895895895896        3.0048925048319477
219.8798798798799        5.143200397659495
220.17017017017017       7.05799730509057
220.46046046046047       9.679400526128127
220.75075075075077       15.29233207595483
221.04104104104104       24.806974788637252
221.33133133133134       44.19504465879584
221.62162162162164       199.3698913657125
221.91191191191191       105.99062526658368
222.20220220220222       50.4726124191232
222.4924924924925        31.058266891748232
222.7827827827828        24.838217066533304
223.0730730730731        18.1356948094873
223.36336336336336       13.880840251522795
223.65365365365366       13.880840251522795
223.94394394394394       13.880840251522795
224.23423423423424       12.122351112074318
224.52452452452454       10.353863102244027
224.81481481481484       9.187914408468558
225.1051051051051        9.187914408468558
225.3953953953954        9.109218812134682
225.68568568568568       7.554706067434021
225.97597597597598       7.554706067434021
226.26626626626629       6.944730117450055
226.5565565565566        5.776383866564722
226.84684684684686       5.776383866564722
227.13713713713713       5.776383866564721
227.42742742742743       5.776383866564722
227.71771771771773       5.557153560366889
228.00800800800803       5.165340001237303
228.2982982982983        4.893549479816187
228.58858858858858       4.37775762481391
228.87887887887888       4.37775762481391
229.16916916916918       4.37775762481391
229.45945945945948       4.37775762481391
229.74974974974978       4.2828015115943145
230.04004004004003       3.7684930352536883
230.33033033033033       3.7684930352536883
230.62062062062063       3.7684930352536883
230.91091091091093       3.6780123313061943
231.20120120120123       3.1220039135718434
231.49149149149147       3.1220039135718425
231.78178178178177       3.1220039135718434
232.07207207207207       3.1220039135718434
232.36236236236238       3.1220039135718434
232.65265265265268       3.1220039135718434
232.94294294294298       3.0764962199494295
233.23323323323322       3.0764962199494295
233.52352352352352       2.8135810121712517
233.81381381381382       2.8135810121712512
234.10410410410412       2.802055753353167
234.39439439439442       2.4083024606562624
234.6846846846847        2.4083024606562624
234.97497497497497       2.408302460656263
235.26526526526527       2.4083024606562633
235.55555555555557       2.4083024606562633
235.84584584584587       2.4083024606562633
236.13613613613614       2.2550326634200317
236.42642642642642       2.2550326634200317
236.71671671671672       2.120868019348316
237.00700700700702       2.120868019348316
237.29729729729732       1.9790435920633402
237.5875875875876        1.9790435920633402
237.8778778778779        1.8735815267375326
238.16816816816817       1.8735815267375326
238.45845845845847       1.8735815267375326
238.74874874874877       1.8735815267375326
239.03903903903904       1.7915374353822473
239.32932932932934       1.7915374353822473
239.61961961961964       1.7915374353822473
239.9099099099099        1.7915374353822473
240.20020020020021       1.7915374353822473
240.4904904904905        1.7011695357665297
240.7807807807808        1.7011695357665297
241.0710710710711        1.7011695357665297
241.36136136136136       1.7011695357665297
241.65165165165166       1.7011695357665297
241.94194194194196       1.7011695357665297
242.23223223223223       1.7011695357665297
242.52252252252254       1.7011695357665297
242.81281281281284       1.58775923092182
243.1031031031031        1.58775923092182
243.3933933933934        1.58775923092182
243.68368368368368       1.58775923092182
243.97397397397398       1.445125229682779
244.26426426426428       1.445125229682779
244.55455455455456       1.4451252296827792
244.84484484484486       1.4451252296827792
245.13513513513513       1.4451252296827792
245.42542542542543       1.4451252296827792
245.71571571571573       1.4451252296827792
246.00600600600603       1.4451252296827792
246.2962962962963        1.445125229682779
246.58658658658658       1.3592339902693045
246.87687687687688       1.3592339902693045
247.16716716716718       1.3592339902693042
247.45745745745748       1.3592339902693045
247.74774774774778       1.3592339902693045
248.03803803803802       1.3592339902693045
248.32832832832833       1.3592339902693045
248.61861861861863       1.322878636189
248.90890890890893       1.322878636189
249.19919919919923       1.322878636189
249.48948948948947       1.322878636189
249.77977977977977       1.3010190312169299
250.07007007007007       1.3010190312169299
250.36036036036037       1.3010190312169299
250.65065065065068       1.2843006813613145
250.94094094094098       1.2843006813613143
251.23123123123122       1.2843006813613143
251.52152152152152       1.2843006813613145
251.81181181181182       1.2843006813613145
252.10210210210212       1.2850085727257679
252.39239239239242       1.2850085727257676
252.68268268268267       1.2850085727257676
252.97297297297297       1.2850085727257676
253.26326326326327       1.2850085727257676
253.55355355355357       1.2850085727257676
253.84384384384387       1.2850085727257676
254.13413413413414       1.2929544802475006
254.42442442442442       1.2929544802475006
254.71471471471472       1.2918862706743999
255.00500500500502       1.299182685488728
255.29529529529532       1.2991826854887283
255.5855855855856        1.30599308249664
255.8758758758759        1.30599308249664
256.1661661661662        1.30599308249664
256.45645645645646       1.3151503434691634
256.7467467467468        1.3151503434691636
257.037037037037         1.3151503434691636
257.32732732732734       1.3240076534845104
257.6176176176176        1.3321411134322927
257.90790790790794       1.342788167189851
258.1981981981982        1.365222641628091
258.4884884884885        1.365222641628091
258.77877877877876       1.365222641628091
259.0690690690691        1.365222641628091
259.35935935935936       1.3982339234919425
259.6496496496497        1.3982339234919425
259.93993993993996       1.3982339234919425
260.23023023023023       1.3982339234919425
260.5205205205205        1.3982339234919425
260.81081081081084       1.4389891818880947
261.1011011011011        1.4389891818880947
261.39139139139144       1.4631950943213314
261.68168168168165       1.4936599205808758
261.971971971972         1.5354421789455621
262.26226226226225       1.5354421789455621
262.5525525525526        1.5354421789455621
262.84284284284286       1.5324832495356058
263.13313313313313       1.595322910850021
263.4234234234234        1.6152951003548512
263.71371371371373       1.6748645767427799
264.004004004004         1.6748645767427799
264.29429429429433       1.6850311590006368
264.5845845845846        1.7161016451993865
264.8748748748749        1.7161016451993865
265.16516516516515       1.7357492341524021
265.4554554554555        1.7551039388416267
265.74574574574575       1.842009741292185
266.036036036036         1.842009741292185
266.32632632632635       1.951726154729266
266.6166166166166        1.951726154729266
266.9069069069069        1.951726154729266
267.1971971971972        1.951726154729266
267.4874874874875        2.0716482514715446
267.77777777777777       2.102691623979136
268.0680680680681        2.2612822469503704
268.3583583583584        2.2612822469503704
268.64864864864865       2.2612822469503704
268.938938938939         2.26128224695037
269.2292292292292        2.5093291894175365
269.5195195195196        2.5093291894175356
269.8098098098098        2.8907486540626675
270.1001001001001        2.8907486540626675
270.3903903903904        2.8907486540626675
270.68068068068067       2.8907486540626675
270.970970970971         2.8907486540626675
271.26126126126127       3.080522483371559
271.55155155155154       3.568698621553885
271.84184184184187       3.568698621553885
272.13213213213214       3.7874526462828104
272.4224224224224        4.607880340828784
272.71271271271274       4.607880340828784
273.003003003003         4.607880340828784
273.29329329329335       5.327053265329115
273.58358358358356       6.188248848793071
273.8738738738739        6.993010721645509
274.16416416416416       7.359104108172723
274.4544544544545        9.97477505768144
274.74474474474476       9.97477505768144
275.035035035035         14.270868201782532
275.32532532532537       19.380245221366405
275.6156156156156        47.34583362976477
275.90590590590597       484.7064782869799
276.1961961961962        48.176368358088226
276.48648648648646       27.318458811461593
276.7767767767768        17.13151139211793
277.06706706706706       14.46882048847161
277.3573573573574        11.664230593441468
277.64764764764766       10.035883971932577
277.937937937938         8.408811526633755
278.2282282282282        7.139418340967927
278.51851851851853       6.392752267259366
278.8088088088088        5.255058410331853
279.0990990990991        5.255058410331853
279.3893893893894        4.702737529762759
279.6796796796797        3.9877607994595623
279.96996996996995       3.369449131336197
280.2602602602603        3.067832315181632
280.55055055055055       2.7536851261145063
280.8408408408409        2.489787158157118
281.13113113113116       2.1915996289852684
281.4214214214214        1.7152959936632943
281.71171171171176       1.715295993663294
282.002002002002         1.5969245760677384
282.2922922922923        1.352543881757409
282.5825825825826        1.2890972188354095
282.8728728728729        0.832983417809703
283.1631631631632        0.8329834178097031
283.45345345345345       0.7782541680752738
283.7437437437438        0.6462507500890047
284.03403403403405       0.2916378994676852
284.3243243243244        0.2916378994676852
284.61461461461465       0.11004292453915139
284.90490490490487       0.05020431147878308
285.1951951951952        0.30058107482615903
285.48548548548547       0.30058107482615903
285.7757757757758        0.4945373497586654
286.06606606606607       0.6832404882718004
286.35635635635634       1.0714304690786733
286.6466466466467        1.196364721590929
286.93693693693695       1.5567786614302792
287.2272272272273        1.5567786614302792
287.51751751751755       1.9921980678294249
287.80780780780776       1.9921980678294249
288.0980980980981        2.2966852276267242
288.38838838838836       2.517774567473318
288.6786786786787        2.9344345895301207
288.96896896896897       3.4666094859380903
289.2592592592593        4.229288464552018
289.54954954954957       4.465913589489714
289.83983983983984       5.067010239477519
290.13013013013017       5.5719490800991265
290.42042042042044       6.367271224950011
290.71071071071077       7.013694646173928
291.001001001001         7.776801145668966
291.29129129129126       9.819216031082398
291.5815815815816        11.584229945102228
291.87187187187186       14.831425089319051
292.1621621621622        18.179426427556525
292.45245245245246       23.414655440426024
292.7427427427428        34.77130290776035
293.03303303303306       38.48212674129715
293.32332332332334       97.15306465914877
293.61361361361367       1400.2020639947814
293.9039039039039        129.19492653674928
294.1941941941942        66.77687816545757
294.4844844844845        44.0579586618757
294.77477477477476       35.27392340732687
295.0650650650651        27.84817433056064
295.35535535535536       25.889594117185137
295.6456456456457        21.686370456249985
295.93593593593596       19.858294692940092
296.22622622622623       18.95133685811826
296.51651651651656       17.070113355529067
296.8068068068068        16.522107978538585
297.0970970970971        15.554829889478587
297.3873873873874        14.497007619243494
297.67767767767765       13.58348958807861
297.967967967968         12.851440964030173
298.25825825825825       12.661222498295267
298.5485485485486        12.28615974546457
298.83883883883885       12.06301078326386
299.1291291291292        11.938181382493516
299.41941941941946       11.527941561283312
299.7097097097097        11.371138714968362
300                      11.093319764710301
