% Model:              empty_box_fullwave_3.1.21.mph
% Version:            COMSOL 5.4.0.388
% Date:               Apr 1 2021, 08:57
% Table:              Table 6 - Ex center (abs(emw.Ex))
% freq (MHz)                                      abs(emw.Ex) (V/m), Point: (-0.04412, 0, 0.03)
10                                                1.0269346345756791
10.29029029029029                                 1.0269346345756791
10.58058058058058                                 1.0269346345756791
10.87087087087087                                 1.031858446821403
11.16116116116116                                 1.031858446821403
11.451451451451451                                1.031858446821403
11.741741741741743                                1.037492837098842
12.032032032032031                                1.037492837098842
12.322322322322321                                1.04149979865947
12.612612612612612                                1.04149979865947
12.902902902902902                                1.045555529940271
13.193193193193192                                1.045555529940271
13.483483483483484                                1.0498878661586188
13.773773773773774                                1.0498878661586188
14.064064064064064                                1.0544542095869973
14.354354354354355                                1.0544542095869973
14.644644644644643                                1.059244716339632
14.934934934934935                                1.059244716339632
15.225225225225225                                1.064263578108474
15.515515515515515                                1.064263578108474
15.805805805805806                                1.0695158683771582
16.096096096096097                                1.0695158683771582
16.386386386386388                                1.0750064976874436
16.676676676676678                                1.0750064976874436
16.966966966966968                                1.0807405737815874
17.257257257257255                                1.0807405737815874
17.54754754754755                                 1.086723495605093
17.837837837837835                                1.086723495605093
18.12812812812813                                 1.0929609621163994
18.41841841841842                                 1.0929609621163994
18.70870870870871                                 1.0994589818405394
18.998998998999                                   1.0994589818405394
19.289289289289286                                1.1062238869169767
19.57957957957958                                 1.1062238869169767
19.869869869869873                                1.1132623487060218
20.16016016016016                                 1.1132623487060218
20.45045045045045                                 1.1205813944350866
20.74074074074074                                 1.1205813944350866
21.03103103103103                                 1.1281884250011998
21.32132132132132                                 1.1281884250011998
21.61161161161161                                 1.136091234039466
21.9019019019019                                  1.136091234039466
22.19219219219219                                 1.1442980283534043
22.482482482482485                                1.1442980283534043
22.772772772772772                                1.152817449802886
23.063063063063062                                1.1528174498028863
23.353353353353356                                1.1616585987888541
23.643643643643646                                1.1616585987888541
23.933933933933936                                1.1708310594264582
24.224224224224223                                1.170831059426458
24.514514514514513                                1.1803449265799988
24.804804804804803                                1.1803449265799988
25.095095095095097                                1.1902108348823617
25.385385385385387                                1.1954473564691057
25.675675675675674                                1.195447356469106
25.965965965965967                                1.2054545602745124
26.256256256256258                                1.2111709441085634
26.546546546546548                                1.2111709441085634
26.836836836836834                                1.2217868127165759
27.127127127127128                                1.227822058690951
27.41741741741742                                 1.227822058690951
27.70770770770771                                 1.2390116956481139
27.997997997998                                   1.2453873664618942
28.28828828828829                                 1.2512120609450361
28.57857857857858                                 1.257334856474577
28.868868868868866                                1.2636206107094203
29.15915915915916                                 1.2700177417478624
29.44944944944945                                 1.2765273896263183
29.73973973973974                                 1.2831540633410015
30.03003003003003                                 1.2899002953277965
30.32032032032032                                 1.2967682522354615
30.61061061061061                                 1.3037602102712549
30.900900900900904                                1.310878540347988
31.19119119119119                                 1.3181256834301425
31.481481481481485                                1.3255041496402824
31.77177177177177                                 1.3330165214823995
32.06206206206206                                 1.3406654565943426
32.352352352352355                                1.3484536903316422
32.64264264264264                                 1.3563840384682377
32.932932932932935                                1.3644594000169683
33.22322322322322                                 1.3726827601867349
33.513513513513516                                1.381057193456563
33.8038038038038                                  1.389585866792664
34.094094094094096                                1.3982720430032023
34.38438438438438                                 1.4071190842387438
34.67467467467468                                 1.416130455660843
34.96496496496497                                 1.425309729261476
35.25525525525525                                 1.4346605878631173
35.545545545545544                                1.4441868293009552
35.83583583583584                                 1.4538923707966998
36.126126126126124                                1.463781253536031
36.41641641641642                                 1.4738576474581258
36.70670670670671                                 1.484125856271142
36.996996996997                                   1.4945903227071302
37.28728728728729                                 1.5052556340262957
37.57757757757757                                 1.5161265277849227
37.86786786786787                                 1.52720789788862
38.15815815815816                                 1.5385048009356268
38.448448448448445                                1.5500224628760157
38.738738738738746                                1.561766286004123
39.029029029029026                                1.573741856296164
39.31931931931932                                 1.585954951121756
39.609609609609606                                1.598411547350613
39.8998998998999                                  1.611117829872371
40.190190190190194                                1.6240802005579742
40.48048048048048                                 1.6373052876951992
40.770770770770774                                1.6507999559132045
41.06106106106106                                 1.6645713166426228
41.35135135135135                                 1.6786267391327117
41.64164164164165                                 1.6929738620642294
41.931931931931935                                1.7076206058028127
42.22222222222222                                 1.7225751853222868
42.512512512512515                                1.7378461238489207
42.8028028028028                                  1.7534422672707863
43.093093093093096                                1.7693727993664508
43.38338338338338                                 1.7856472579027793
43.673673673673676                                1.8022755516638433
43.96396396396397                                 1.8192679784708368
44.254254254254256                                1.8366352442677616
44.54454454454454                                 1.8543884833359565
44.83483483483484                                 1.8725392797285294
45.12512512512512                                 1.8910996900020218
45.41541541541542                                 1.910082267341755
45.70570570570571                                 1.9295000871796266
45.995995995996                                   1.9493667744160907
46.286286286286284                                1.9696965323622215
46.57657657657658                                 1.9905041735293696
46.86686686686687                                 2.0118051524068914
47.15715715715716                                 2.0336156003802026
47.447447447447445                                2.0559523629520853
47.73773773773774                                 2.078833039442539
48.02802802802803                                 2.1022760253697013
48.31831831831832                                 2.126300557722216
48.608608608608606                                2.1509267633509426
48.8988988988989                                  2.1761757107401185
49.18918918918919                                 2.2020694654310486
49.47947947947948                                 2.2286311494072653
49.76976976976977                                 2.2558850047747545
50.06006006006006                                 2.2838564620857724
50.35035035035035                                 2.3125722137439677
50.64064064064064                                 2.3420602928986543
50.930930930930934                                2.3723501583315487
51.22122122122122                                 2.4034727858716933
51.51151151151151                                 2.4354607669265196
51.80180180180181                                 2.467310637008302
52.092092092092095                                2.497586035715212
52.38238238238238                                 2.535820477208087
52.67267267267267                                 2.5677093480066713
52.96296296296297                                 2.608407527354548
53.253253253253256                                2.6463827393724517
53.54354354354354                                 2.685438404615247
53.833833833833836                                2.725701737795443
54.12412412412412                                 2.7672147459285372
54.414414414414416                                2.810033073083498
54.70470470470471                                 2.8542162347204854
54.994994994995                                   2.899827420100869
55.28528528528528                                 2.946933772669455
55.57557557557558                                 2.99560670355441
55.86586586586587                                 3.0459222354519646
56.15615615615616                                 3.097961380341584
56.446446446446444                                3.151810554942134
56.73673673673674                                 3.2075620383771035
57.02702702702703                                 3.2653144771333817
57.31731731731732                                 3.325173443121831
57.607607607607605                                3.3872520514630224
57.8978978978979                                  3.4516716455937195
58.18818818818819                                 3.518562558409017
58.47847847847848                                 3.5880649594721543
58.76876876876877                                 3.6603297998573936
59.05905905905906                                 3.7355198680135615
59.34934934934935                                 3.8138109721720057
59.63963963963964                                 3.895393267340421
59.92992992992993                                 3.980472747949373
60.22022022022022                                 4.069272930779173
60.51051051051051                                 4.162036757080758
60.80080080080081                                 4.259028747931848
61.091091091091094                                4.360537453057459
61.38138138138138                                 4.466878240811415
61.67167167167167                                 4.578396486086181
61.96196196196197                                 4.695471224028917
62.252252252252255                                4.818519351011643
62.54254254254254                                 4.948000471184297
62.832832832832835                                5.0844225082229535
63.12312312312312                                 5.22834823022206
63.413413413413416                                5.380402882540813
63.70370370370371                                 5.541283301478662
63.993993993993996                                5.7075342241664675
64.28428428428428                                 5.8918819941526985
64.57457457457458                                 6.085155024671127
64.86486486486487                                 6.290129814182003
65.15515515515516                                 6.508925639984816
65.44544544544544                                 6.742975368177731
65.73573573573574                                 6.993904263601382
66.02602602602603                                 7.2635841423875105
66.31631631631632                                 7.554174291912705
66.6066066066066                                  7.868178322850054
66.89689689689689                                 8.208515635358108
67.18718718718719                                 8.578611398488949
67.47747747747749                                 8.98408911423061
67.76776776776777                                 9.426910720919508
68.05805805805805                                 9.91419213815388
68.34834834834835                                 10.452946432272558
68.63863863863864                                 11.051727974739537
68.92892892892894                                 11.72110139089388
69.21921921921923                                 12.47426424993234
69.5095095095095                                  13.327921731522629
69.7997997997998                                  14.30353482343687
70.09009009009009                                 15.429142348436917
70.38038038038039                                 16.742090106594404
70.67067067067067                                 18.293241634340845
70.96096096096096                                 20.15370219009063
71.25125125125125                                 22.42599890910356
71.54154154154155                                 25.263589119050778
71.83183183183183                                 28.903317270104598
72.12212212212212                                 33.75049795732882
72.41241241241242                                 40.51782248007576
72.7027027027027                                  50.626765986494924
72.992992992993                                   67.36130066600451
73.2832832832833                                  100.42297745949871
73.57357357357358                                 196.3318103897757
73.86386386386387                                 3914.5800450890447
74.15415415415414                                 218.81145406629253
74.44444444444444                                 106.75223722732743
74.73473473473474                                 70.70977614175747
75.02502502502503                                 52.92522276687475
75.31531531531532                                 42.33219378602837
75.6056056056056                                  35.303246125832715
75.89589589589589                                 30.298350609105015
76.18618618618619                                 26.553700351931607
76.47647647647649                                 23.654120106922274
76.76676676676676                                 21.327321375805884
77.05705705705705                                 19.429983189609906
77.34734734734735                                 17.85098587304082
77.63763763763764                                 16.516539434776465
77.92792792792794                                 15.374051034719194
78.21821821821821                                 14.3849933151209
78.50850850850851                                 13.520620992746695
78.7987987987988                                  12.758529117687436
79.08908908908909                                 12.082008092759205
79.37937937937939                                 11.477397827719837
79.66966966966967                                 10.9338182985982
79.95995995995996                                 10.44257003405733
80.25025025025025                                 9.996506024366429
80.54054054054055                                 9.58972424293183
80.83083083083083                                 9.21730847194312
81.12112112112112                                 8.878502051307056
81.41141141141142                                 8.55871172180825
81.7017017017017                                  8.266945723863007
81.991991991992                                   7.996680129356573
82.2822822822823                                  7.745388197245262
82.57257257257257                                 7.511205112727696
82.86286286286287                                 7.29248223998074
83.15315315315316                                 7.087773062305368
83.44344344344344                                 6.895806700632712
83.73373373373374                                 6.715462015959253
84.02402402402402                                 6.545746176347357
84.31431431431432                                 6.3857768332632
84.60460460460462                                 6.234767188769726
84.89489489489489                                 6.092013420279753
85.18518518518519                                 5.956884040210181
85.47547547547548                                 5.828810852140332
85.76576576576576                                 5.707281231048095
86.05605605605606                                 5.5918315072267
86.34634634634635                                 5.482041274742837
86.63663663663664                                 5.377528478669323
86.92692692692694                                 5.277945163486721
87.21721721721721                                 5.18297379301414
87.50750750750751                                 5.092324097095751
87.7977977977978                                  5.005730556638683
88.08808808808809                                 4.922951716672178
88.37837837837839                                 4.843788907578417
88.66866866866867                                 4.769796047172501
88.95895895895896                                 4.696029883135072
89.24924924924925                                 4.625644860904133
89.53953953953955                                 4.558908241015044
89.82982982982983                                 4.494839360129311
90.12012012012012                                 4.433325234693039
90.41041041041042                                 4.374238084569009
90.7007007007007                                  4.317456742188283
90.990990990991                                   4.262868306605596
91.2812812812813                                  4.210367509623862
91.57157157157157                                 4.159856098731399
91.86186186186187                                 4.111242276472781
92.15215215215215                                 4.064440191801208
92.44244244244244                                 4.019369478893284
92.73273273273274                                 3.975954838691651
93.02302302302301                                 3.93412565881451
93.31331331331332                                 3.8938156680174516
93.60360360360362                                 3.8549626220759867
93.89389389389389                                 3.8175080189631108
94.18418418418419                                 3.781396843637804
94.47447447447448                                 3.7465773515714544
94.76476476476476                                 3.7130009484387987
95.05505505505506                                 3.680622700103433
95.34534534534535                                 3.6494267198742363
95.63563563563564                                 3.619289946566757
95.92592592592594                                 3.5902333321410653
96.21621621621621                                 3.5622331769732174
96.50650650650651                                 3.535233470753131
96.7967967967968                                  3.5092040345139783
97.08708708708708                                 3.484114266706705
97.37737737737739                                 3.459935097421797
97.66766766766767                                 3.436639042845231
97.95795795795796                                 3.4142001089339997
98.24824824824825                                 3.3925937107055395
98.53853853853855                                 3.371796596994222
98.82882882882883                                 3.3517867806552086
99.11911911911912                                 3.33254347422034
99.40940940940942                                 3.3140470310455563
99.6996996996997                                  3.296278892276055
99.98998998999                                    3.2792215405974563
100.2802802802803                                 3.2628584632303674
100.57057057057057                                3.247174130346468
100.86086086086087                                3.232154005555735
101.15115115115115                                3.2177846394701124
101.44144144144144                                3.2040540366756165
101.73173173173174                                3.1909532665086116
102.02202202202201                                3.1784882048464094
102.31231231231232                                3.167280107425068
102.60260260260262                                3.1553270799094877
102.89289289289289                                3.144453489727592
103.18318318318319                                3.1343265699120932
103.47347347347348                                3.1247460451587963
103.76376376376376                                3.1157217320938586
104.05405405405406                                3.107247057331349
104.34434434434435                                3.099316025541047
104.63463463463464                                3.091923039403304
104.92492492492494                                3.0850630194508764
105.21521521521521                                3.0787315218375344
105.50550550550551                                3.0729250350139483
105.7957957957958                                 3.06764236933545
106.08608608608608                                3.0628979761657247
106.37637637637638                                3.058921684136799
106.66666666666667                                3.054849341828227
106.95695695695696                                3.0516050803766257
107.24724724724724                                3.048883087252439
107.53753753753755                                3.046666612620014
107.82782782782783                                3.0449577762234314
108.11811811811812                                3.0437573821620147
108.40840840840842                                3.043066342683442
108.6986986986987                                 3.0428860466655507
108.988988988989                                  3.043218379969493
109.2792792792793                                 3.0440657424407473
109.56956956956957                                3.0454310610738404
109.85985985985987                                3.0473178024457215
110.15015015015015                                3.0497299856467155
110.44044044044044                                3.052672196281589
110.73073073073074                                3.0561496018698393
111.02102102102101                                3.0601679688845644
111.31131131131131                                3.0647336816604573
111.60160160160162                                3.0698537634578575
111.89189189189189                                3.075535900132109
112.18218218218219                                3.081788467186679
112.47247247247248                                3.0886205611919553
112.76276276276276                                3.0960420287326005
113.05305305305306                                3.104063285775222
113.34334334334335                                3.1126793288450574
113.63363363363364                                3.1216137160799744
113.92392392392394                                3.1315170934904395
114.21421421421421                                3.142381016390695
114.50450450450451                                3.153596403916607
114.7947947947948                                 3.1654865411228865
115.08508508508508                                3.1780774379762686
115.37537537537538                                3.191387942339057
115.66566566566567                                3.205426309165967
115.95595595595596                                3.2201751021303666
116.24624624624624                                3.235303414421029
116.53653653653654                                3.252186841226828
116.82682682682683                                3.269396464843157
117.11711711711712                                3.28746127131228
117.40740740740742                                3.3064114733152383
117.6976976976977                                 3.326275385986757
117.98798798798799                                3.3470854182857437
118.27827827827828                                3.3688759961193995
118.56856856856857                                3.3916837848906165
118.85885885885887                                3.4155478287748147
119.14914914914915                                3.4405096962171586
119.43943943943944                                3.4666136206200218
119.72972972972974                                3.4939066243990085
120.02002002002001                                3.522438603767955
120.31031031031031                                3.5522623304574767
120.60060060060061                                3.5834332827035444
120.89089089089089                                3.616009120841247
121.18118118118119                                3.65004839167875
121.47147147147149                                3.685607442599638
121.76176176176176                                3.722732773306874
122.05205205205206                                3.76144034632311
122.34234234234233                                3.8016550146994392
122.63263263263264                                3.8430240395896336
122.92292292292294                                3.880390116372237
123.21321321321321                                3.952333587030732
123.50350350350351                                3.9895948807005057
123.7937937937938                                 4.041963261277533
124.08408408408408                                4.095822441384621
124.37437437437438                                4.152513920502407
124.66466466466467                                4.212217947606713
124.95495495495496                                4.275074839474059
125.24524524524524                                4.3412742905979975
125.53553553553554                                4.4110370796961424
125.82582582582583                                4.484612308834878
126.11611611611612                                4.562278084372237
126.40640640640642                                4.644343748846101
126.6966966966967                                 4.731152684794241
126.98698698698699                                4.823082250750829
127.27727727727728                                4.920494933124227
127.56756756756756                                5.024796969349471
127.85785785785787                                5.132842345831956
128.14814814814815                                5.252592937197818
128.43843843843845                                5.377913786081333
128.72872872872873                                5.511793831757806
129.01901901901903                                5.655201565165536
129.3093093093093                                 5.809168890371457
129.5995995995996                                 5.974750533091578
129.8898898898899                                 6.153439145951788
130.18018018018017                                6.346620786591043
130.47047047047047                                6.556087739100261
130.76076076076077                                6.783854985228323
131.05105105105105                                7.032191039202504
131.34134134134135                                7.3066045596836515
131.63163163163165                                7.607170967022793
131.92192192192192                                7.936578497200224
132.21221221221222                                8.309259976816621
132.50250250250252                                8.721558227888057
132.7927927927928                                 9.1863554987333
133.0830830830831                                 9.71279019656408
133.3733733733734                                 10.317221782995691
133.66366366366367                                11.011586952507459
133.95395395395397                                11.821350107011288
134.24424424424424                                12.775245154891023
134.53453453453454                                13.921213036536816
134.82482482482484                                15.319820635916324
135.1151151151151                                 17.064767585021432
135.4054054054054                                 19.302628418539264
135.6956956956957                                 22.276277950629066
135.985985985986                                  26.416669270372402
136.2762762762763                                 32.584451090315454
136.5665665665666                                 42.74541297518852
136.85685685685687                                62.64152090573526
137.14714714714717                                119.08873192693707
137.43743743743744                                1432.4497930177229
137.72772772772774                                139.72009644622364
138.018018018018                                  65.99816082993526
138.30830830830828                                42.91260886799998
138.59859859859858                                31.650284071549404
138.88888888888889                                24.960413232919667
139.1791791791792                                 20.540787458565067
139.4694694694695                                 17.395209299394892
139.7597597597598                                 15.052465214060309
140.05005005005006                                13.229100996430015
140.34034034034033                                11.775258657739155
140.63063063063063                                10.587761159785888
140.92092092092093                                9.599528891283223
141.2112112112112                                 8.764306137774627
141.5015015015015                                 8.048666730655608
141.79179179179178                                7.430893819231907
142.08208208208208                                6.883154201051143
142.37237237237238                                6.409819383232494
142.66266266266268                                5.983730458953604
142.95295295295298                                5.607718112430757
143.24324324324323                                5.262346277639901
143.53353353353353                                4.952865245120594
143.82382382382383                                4.671347787145342
144.1141141141141                                 4.414184829151713
144.4044044044044                                 4.178317450334902
144.6946946946947                                 3.9611613558766283
144.98498498498498                                3.760535125912536
145.27527527527528                                3.5746032081443238
145.56556556556558                                3.40158702913554
145.85585585585588                                3.240986157529242
146.14614614614615                                3.091232656250814
146.43643643643645                                2.949451692658842
146.72672672672672                                2.816200236645462
147.01701701701703                                2.691492277825064
147.30730730730733                                2.573915832279885
147.5975975975976                                 2.463711756964605
147.8878878878879                                 2.358433005349465
148.17817817817817                                2.26022912992858
148.46846846846847                                2.165297752773639
148.75875875875877                                2.072860300655838
149.04904904904905                                1.9865670120570413
149.33933933933935                                1.9046659897742786
149.62962962962965                                1.826310650966015
149.91991991991992                                1.7512864374697783
150.21021021021022                                1.6793702868209224
150.5005005005005                                 1.6103449870238025
150.7907907907908                                 1.5440156940641685
151.0810810810811                                 1.4802154761552067
151.3713713713714                                 1.418836922156075
151.66166166166167                                1.3600256667086876
151.95195195195194                                1.3020879194109445
152.24224224224224                                1.2467561532942801
152.53253253253254                                1.193092116818373
152.82282282282284                                1.1412065655962804
153.11311311311312                                1.090560928149567
153.4034034034034                                 1.0420593239989737
153.6936936936937                                 0.9942051256525336
153.983983983984                                  0.947855688205363
154.2742742742743                                 0.9028494592883439
154.5645645645646                                 0.8590662801609926
154.85485485485486                                0.815979482679955
155.14514514514514                                0.7741179725893857
155.43543543543544                                0.7331192332805603
155.72572572572574                                0.6935965741706989
156.01601601601604                                0.6540033101563566
156.3063063063063                                 0.6159691354160239
156.59659659659658                                0.5774050224092575
156.88688688688688                                0.5402086932959436
157.17717717717719                                0.5038338344574644
157.4674674674675                                 0.46763006153493414
157.7577577577578                                 0.4322169332658626
158.04804804804803                                0.39702109403277075
158.33833833833833                                0.3625114721597236
158.62862862862863                                0.3284521530531848
158.91891891891893                                0.29551113440077126
159.20920920920923                                0.26123932196060223
159.4994994994995                                 0.22819421991064925
159.78978978978978                                0.19529752192856226
160.08008008008008                                0.1627466013000933
160.37037037037038                                0.13037973158224803
160.66066066066068                                0.09820574332629912
160.95095095095095                                0.06623947539150885
161.24124124124123                                0.03471466790186396
161.53153153153153                                0.002569648246813372
161.82182182182183                                0.029380490315966352
162.11211211211213                                0.06109203112785081
162.4024024024024                                 0.09230963072082422
162.6926926926927                                 0.12456787035940711
162.98298298298297                                0.15601446014087544
163.27327327327328                                0.18778371870252944
163.56356356356358                                0.22014776707406977
163.85385385385388                                0.25228920467179705
164.14414414414415                                0.2847755574738218
164.43443443443442                                0.31723383433094493
164.72472472472472                                0.3496758907269497
165.01501501501502                                0.3819570932752775
165.30530530530532                                0.41600498345614145
165.5955955955956                                 0.44862676217984165
165.8858858858859                                 0.4840594675759232
166.17617617617617                                0.518415400951482
166.46646646646647                                0.5532127665367679
166.75675675675677                                0.5885323582803397
167.04704704704704                                0.6244176617539243
167.33733733733735                                0.6609699703040095
167.62762762762765                                0.6964700108050494
167.91791791791792                                0.7335360088118502
168.20820820820822                                0.7709094623556694
168.4984984984985                                 0.8079428198543022
168.7887887887888                                 0.8440876133036611
169.0790790790791                                 0.9594460887342557
169.36936936936937                                0.9332365851686676
169.65965965965967                                0.9795114824563065
169.94994994994994                                1.0214214301788371
170.24024024024024                                1.065168063124326
170.53053053053054                                1.1100189798945375
170.82082082082084                                1.1558245523777575
171.11111111111111                                1.2034564484685317
171.4014014014014                                 1.2532804189811482
171.6916916916917                                 1.3013412219530636
171.981981981982                                  1.3552391373832378
172.2722722722723                                 1.406848778326777
172.5625625625626                                 1.463526414304733
172.85285285285286                                1.5201667906519782
173.14314314314313                                1.578585065081163
173.43343343343344                                1.6399842086483525
173.72372372372374                                1.7027741868452348
174.01401401401404                                1.767580735626075
174.3043043043043                                 1.835012439804079
174.59459459459458                                1.9054997227783796
174.88488488488488                                1.9775484561389096
175.17517517517518                                2.062494013359105
175.46546546546548                                2.1332701710557505
175.75575575575579                                2.2157890386389636
176.04604604604603                                2.302392138895681
176.33633633633633                                2.391867359510643
176.62662662662663                                2.4865287703488526
176.91691691691693                                2.583892086076292
177.20720720720723                                2.688380072331009
177.49749749749748                                2.797682788405791
177.78778778778778                                2.9116506015017234
178.07807807807808                                3.0317808649699622
178.36836836836838                                3.159896501955908
178.65865865865868                                3.2929093977135966
178.94894894894895                                3.4363683524401796
179.23923923923923                                3.58766832732267
179.52952952952953                                3.7479674371883323
179.81981981981983                                3.9189861056125594
180.11011011011013                                4.100558292333268
180.4004004004004                                 4.295443651418488
180.6906906906907                                 4.505193482696167
180.98098098098097                                4.727745686172684
181.27127127127127                                4.968290459470403
181.56156156156158                                5.229888135507988
181.85185185185188                                5.5119394256253775
182.14214214214215                                5.819656436432113
182.43243243243242                                6.154462044275155
182.72272272272272                                6.521772148522056
183.01301301301302                                6.925077707390307
183.30330330330332                                7.370580655764668
183.5935935935936                                 7.865164381628107
183.8838838838839                                 8.417323558233132
184.17417417417417                                9.037610070053743
184.46446446446447                                9.739309522867083
184.75475475475477                                10.539385497342334
185.04504504504504                                11.459846656306725
185.33533533533534                                12.529772275055345
185.62562562562564                                13.78839811662366
185.91591591591592                                15.287794660123296
186.20620620620622                                17.10872635038153
186.4964964964965                                 19.36327729761582
186.7867867867868                                 22.226120988742892
187.0770770770771                                 25.980270770484474
187.36736736736736                                31.112070903603627
187.65765765765767                                38.55528478564114
187.94794794794794                                50.31646935936986
188.23823823823824                                71.6564472950356
188.52852852852854                                122.33019217356976
188.81881881881884                                394.62648137971934
189.1091091091091                                 336.1644842473126
189.3993993993994                                 119.84529396494241
189.6896896896897                                 73.62128630520608
189.97997997998                                   53.50588891810676
190.2702702702703                                 42.255760726517934
190.5605605605606                                 35.07403851957976
190.85085085085086                                30.093162923899847
191.14114114114113                                26.4412928733524
191.43143143143143                                23.64929904493603
191.72172172172174                                21.44579348311881
192.01201201201204                                19.665343897081424
192.3023023023023                                 18.20082361106836
192.59259259259258                                16.97280469240057
192.88288288288288                                15.930173804649785
193.17317317317318                                15.03678503288217
193.46346346346348                                14.262581682395258
193.75375375375378                                13.586224104368926
194.04404404404403                                12.99127587249295
194.33433433433433                                12.4649558915247
194.62462462462463                                11.99647390945793
194.91491491491493                                11.57641672190823
195.20520520520523                                11.20194001643066
195.49549549549548                                10.861194572468728
195.78578578578578                                10.556194446502396
196.07607607607608                                10.280339238252084
196.36636636636638                                10.028334121455725
196.65665665665668                                9.801371760083605
196.94694694694695                                9.593207662103111
197.23723723723722                                9.405971622196281
197.52752752752752                                9.234415757529819
197.81781781781783                                9.078931942643045
198.10810810810813                                8.937685672284102
198.39839839839843                                8.810379437828747
198.6886886886887                                 8.694735195718817
198.97897897897897                                8.591060321112062
199.26926926926927                                8.498081363525985
199.55955955955957                                8.416394358022803
199.84984984984987                                8.343539040604961
200.14014014014015                                8.279962631782805
200.43043043043042                                8.225293048565549
200.72072072072072                                8.180288281647751
201.01101101101102                                8.138808720660387
201.30130130130132                                8.110810547932445
201.5915915915916                                 8.090215716358795
201.8818818818819                                 8.078840875946664
202.17217217217217                                8.070609897910227
202.46246246246247                                8.074500796657398
202.75275275275277                                8.084517292883627
203.04304304304304                                8.102594541729808
203.33333333333334                                8.128512806755053
203.62362362362364                                8.163937488368079
203.91391391391392                                8.207267861485935
204.20420420420422                                8.259475199278153
204.4944944944945                                 8.322139156505056
204.7847847847848                                 8.392957771268167
205.0750750750751                                 8.475922673177504
205.36536536536536                                8.56908410021409
205.65565565565566                                8.675704332983361
205.94594594594594                                8.7935105222528
206.23623623623624                                8.92635106028839
206.52652652652654                                9.074575912219617
206.81681681681684                                9.239232970819588
207.1071071071071                                 9.422677563699033
207.3973973973974                                 9.62655363035152
207.68768768768768                                9.852970984237338
207.977977977978                                  10.105211961114476
208.2682682682683                                 10.38848413132342
208.5585585585586                                 10.705570278478312
208.84884884884886                                11.058986400419602
209.13913913913913                                11.463500867381539
209.42942942942943                                11.921985925025712
209.71971971971973                                12.446632345989283
210.01001001001003                                13.058679608602413
210.3003003003003                                 13.732643208191133
210.59059059059058                                14.561011983891447
210.88088088088088                                15.526069765554096
211.17117117117118                                16.70393162093389
211.46146146146148                                18.145409228643047
211.75175175175178                                19.962015706329638
212.04204204204203                                22.317262875827353
212.33233233233233                                25.498495428691964
212.62262262262263                                30.046420429373914
212.91291291291293                                37.297215077502734
213.20320320320323                                47.99714494323557
213.49349349349347                                73.87285285705309
213.78378378378378                                169.1827177037227
214.07407407407408                                436.7185035897045
214.36436436436438                                89.54137358474203
214.65465465465468                                47.903300530011094
214.94494494494495                                31.659574628044155
215.23523523523522                                22.954856442243592
215.52552552552552                                17.496777575497333
215.81581581581582                                13.723831451406822
216.10610610610613                                10.933517832910104
216.39639639639643                                8.761629352571632
216.6866866866867                                 6.994020975191919
216.97697697697697                                5.505583801577952
217.26726726726727                                4.205031534669656
217.55755755755757                                3.0366124301574917
217.84784784784787                                1.9465990430075468
218.13813813813815                                0.9031552372289466
218.42842842842842                                0.1406074201830163
218.71871871871872                                1.206857681207164
219.00900900900902                                2.353745341643331
219.29929929929932                                3.633106615984286
219.5895895895896                                 5.129774324844952
219.8798798798799                                 6.941811643119358
220.17017017017017                                9.308918985578574
220.46046046046047                                12.634083612085146
220.75075075075077                                17.790310416724708
221.04104104104104                                27.201061498178767
221.33133133133134                                50.57407343949218
221.62162162162164                                219.37085636133847
221.91191191191191                                106.81729523986783
222.20220220220222                                44.885453115019715
222.4924924924925                                 29.042244792574092
222.7827827827828                                 21.740807367046948
223.0730730730731                                 17.51992090090731
223.36336336336336                                14.751502664206475
223.65365365365366                                12.785692848030735
223.94394394394394                                11.314610871317523
224.23423423423424                                10.164959468630576
224.52452452452454                                9.227016774700678
224.81481481481484                                8.49310537961149
225.1051051051051                                 7.851299722128449
225.3953953953954                                 7.304663393536671
225.68568568568568                                6.835804024562073
225.97597597597598                                6.42347219305451
226.26626626626629                                6.061026958476074
226.5565565565566                                 5.737704337593678
226.84684684684686                                5.449393390276829
227.13713713713713                                5.183503129499401
227.42742742742743                                4.9520469164466565
227.71771771771773                                4.736570706038063
228.00800800800803                                4.537253370001938
228.2982982982983                                 4.354499007921656
228.58858858858858                                4.186627584850195
228.87887887887888                                4.031322872614024
229.16916916916918                                3.8889449351604126
229.45945945945948                                3.754285539360156
229.74974974974978                                3.6292688974023437
230.04004004004003                                3.5116432494912266
230.33033033033033                                3.402329798349447
230.62062062062063                                3.2996824519718886
230.91091091091093                                3.203239257650326
231.20120120120123                                3.112038776864928
231.49149149149147                                3.0263544870045864
231.78178178178177                                2.9457940164526693
232.07207207207207                                2.8679309415383742
232.36236236236238                                2.797486193448945
232.65265265265268                                2.7303140407547266
232.94294294294298                                2.6656250163990793
233.23323323323322                                2.604957586210009
233.52352352352352                                2.5485148434236127
233.81381381381382                                2.4970561778127456
234.10410410410412                                2.449160324950506
234.39439439439442                                2.4066780276665845
234.6846846846847                                 2.373205432896091
234.97497497497497                                2.3566227870101564
235.26526526526527                                2.3870635897262016
235.55555555555557                                8.461190296792358
235.84584584584587                                1.926554580397262
236.13613613613614                                1.9986301434626477
236.42642642642642                                1.987904897112236
236.71671671671672                                1.9649384878371443
237.00700700700702                                1.94059856403961
237.29729729729732                                1.9123711991541805
237.5875875875876                                 1.8840208897484922
237.8778778778779                                 1.85810756845487
238.16816816816817                                1.8311002736012774
238.45845845845847                                1.8049378129016438
238.74874874874877                                1.7799114960453608
239.03903903903904                                1.7550768137398989
239.32932932932934                                1.7316205092931136
239.61961961961964                                1.7073642022616111
239.9099099099099                                 1.6846080456458452
240.20020020020021                                1.6689777944031885
240.4904904904905                                 1.6444076117758388
240.7807807807808                                 1.6267904574018248
241.0710710710711                                 1.606769658661574
241.36136136136136                                1.58913570854113
241.65165165165166                                1.5721921429645147
241.94194194194196                                1.5547478594179382
242.23223223223223                                1.5470058513893925
242.52252252252254                                1.5471875117925464
242.81281281281284                                1.426806247492006
243.1031031031031                                 1.4815920642989844
243.3933933933934                                 1.4565722496127207
243.68368368368368                                1.4513318809039177
243.97397397397398                                1.4382929271459168
244.26426426426428                                1.426111484695932
244.55455455455456                                1.4148194895129624
244.84484484484486                                1.4052297005236953
245.13513513513513                                1.3942706555055597
245.42542542542543                                1.384282182547209
245.71571571571573                                1.3747273154758992
246.00600600600603                                1.3656581452961785
246.2962962962963                                 1.3578478930485045
246.58658658658658                                1.3506351763513036
246.87687687687688                                1.3182560541503043
247.16716716716718                                1.3294788962817186
247.45745745745748                                1.3250796857451927
247.74774774774778                                1.3183909626237413
248.03803803803802                                1.3126004239822933
248.32832832832833                                1.307108122067653
248.61861861861863                                1.3019361910619116
248.90890890890893                                1.2974013539729952
249.19919919919923                                1.2928339602970047
249.48948948948947                                1.2888759220524946
249.77977977977977                                1.2852168602498062
250.07007007007007                                1.2821818934257225
250.36036036036037                                1.2809812395604523
250.65065065065068                                1.2782303904485839
250.94094094094098                                1.275803366618635
251.23123123123122                                1.274574627812007
251.52152152152152                                1.273285550866903
251.81181181181182                                1.2733633779258575
252.10210210210212                                1.2729824849882965
252.39239239239242                                1.2728026565108839
252.68268268268267                                1.274062517359571
252.97297297297297                                1.2753616373366305
253.26326326326327                                1.2777900565852875
253.55355355355357                                1.2878614474344825
253.84384384384387                                1.2728944325784952
254.13413413413414                                1.2803517738206132
254.42442442442442                                1.2826707911732953
254.71471471471472                                1.2874403906667562
255.00500500500502                                1.2918607877479142
255.29529529529532                                1.2959496616344315
255.5855855855856                                 1.3011605758382145
255.8758758758759                                 1.307006811881587
256.1661661661662                                 1.3131836670467434
256.45645645645646                                1.3200161721132144
256.7467467467468                                 1.3271170474175253
257.037037037037                                  1.3342259375815364
257.32732732732734                                1.3432882529517516
257.6176176176176                                 1.3518860576409417
257.90790790790794                                1.361580041885541
258.1981981981982                                 1.3717404346978255
258.4884884884885                                 1.382381143015143
258.77877877877876                                1.3933471309792234
259.0690690690691                                 1.4054095635867865
259.35935935935936                                1.4165538233158608
259.6496496496497                                 1.4309826651287394
259.93993993993996                                1.4461646778458332
260.23023023023023                                1.4606479743091745
260.5205205205205                                 1.476779376788069
260.81081081081084                                1.493380611422814
261.1011011011011                                 1.511258294811521
261.39139139139144                                1.5305991592160748
261.68168168168165                                1.5502510124410689
261.971971971972                                  1.5711346325250712
262.26226226226225                                1.593555478047759
262.5525525525526                                 1.617236171463073
262.84284284284286                                1.641740057138811
263.13313313313313                                1.6672164684010469
263.4234234234234                                 1.695353524808593
263.71371371371373                                1.7229523244780125
264.004004004004                                  1.7528842304610515
264.29429429429433                                1.7867126207751725
264.5845845845846                                 1.820269055026258
264.8748748748749                                 1.857185866016407
265.16516516516515                                1.8977928664666326
265.4554554554555                                 1.9423207725841682
265.74574574574575                                2.0227778128361638
266.036036036036                                  2.0053437412203006
266.32632632632635                                2.0676945742935597
266.6166166166166                                 2.114853967842885
266.9069069069069                                 2.172060976319376
267.1971971971972                                 2.232692836538689
267.4874874874875                                 2.2956344871802914
267.77777777777777                                2.364217858188672
268.0680680680681                                 2.4320398440104336
268.3583583583584                                 2.5229522297388396
268.64864864864865                                2.6024695855948514
268.938938938939                                  2.695923317194955
269.2292292292292                                 2.7964750315030793
269.5195195195196                                 2.905244260420618
269.8098098098098                                 3.023149623849767
270.1001001001001                                 3.1556681825788893
270.3903903903904                                 3.300351699973805
270.68068068068067                                3.4604286701375027
270.970970970971                                  3.6416528388940486
271.26126126126127                                3.842849851088075
271.55155155155154                                4.067683656816482
271.84184184184187                                4.321795320674986
272.13213213213214                                4.698924433347579
272.4224224224224                                 4.980335691383209
272.71271271271274                                5.361621141518161
273.003003003003                                  6.152824553744407
273.29329329329335                                6.590270715924773
273.58358358358356                                7.313196554129346
273.8738738738739                                 8.285042425699793
274.16416416416416                                9.604145487185878
274.4544544544545                                 11.449689634947802
274.74474474474476                                14.245209521264698
275.035035035035                                  19.051351395693693
275.32532532532537                                28.541343558024945
275.6156156156156                                 60.05056056976882
275.90590590590597                                458.2579721010907
276.1961961961962                                 46.581233740969495
276.48648648648646                                24.18208520373894
276.7767767767768                                 16.151903040227182
277.06706706706706                                12.019664562611874
277.3573573573574                                 9.493926712745136
277.64764764764766                                7.792811818499213
277.937937937938                                  6.560324531655543
278.2282282282282                                 5.593016618079805
278.51851851851853                                4.871670136772741
278.8088088088088                                 4.27437333148401
279.0990990990991                                 3.7746210650160252
279.3893893893894                                 3.3370096563198897
279.6796796796797                                 3.0050150847394734
279.96996996996995                                2.680265390920455
280.2602602602603                                 2.44237672103536
280.55055055055055                                2.144838063928708
280.8408408408409                                 1.911220846929641
281.13113113113116                                1.7087574474846174
281.4214214214214                                 1.5019664606405045
281.71171171171176                                1.3143688604445538
282.002002002002                                  1.1608237172663833
282.2922922922923                                 0.9772882379939428
282.5825825825826                                 0.8143605057966663
282.8728728728729                                 0.6555160991388608
283.1631631631632                                 0.5011320714505322
283.45345345345345                                0.3508855168753639
283.7437437437438                                 0.19902872952280293
284.03403403403405                                0.04762762681533833
284.3243243243244                                 0.06496649596461411
284.61461461461465                                0.25399707501440344
284.90490490490487                                0.41349368858219226
285.1951951951952                                 0.5770772459371687
285.48548548548547                                0.7467669939259288
285.7757757757758                                 0.9234688295183181
286.06606606606607                                1.1081424392945978
286.35635635635634                                1.3031043857834959
286.6466466466467                                 1.5110958061982738
286.93693693693695                                1.7335312751160632
287.2272272272273                                 1.9703911432157921
287.51751751751755                                2.229512403071892
287.80780780780776                                2.5125111828167257
288.0980980980981                                 2.82234859119314
288.38838838838836                                3.1635779557717383
288.6786786786787                                 3.5443852608351
288.96896896896897                                3.9702971918456007
289.2592592592593                                 4.452236197725494
289.54954954954957                                5.000682091895638
289.83983983983984                                5.613461346086127
290.13013013013017                                6.439117106829491
290.42042042042044                                7.292849588346859
290.71071071071077                                8.376377965796907
291.001001001001                                  9.404370848843604
291.29129129129126                                11.234960718266294
291.5815815815816                                 13.350381387036231
291.87187187187186                                16.206635795508134
292.1621621621622                                 20.438391907965077
292.45245245245246                                26.05688625847767
292.7427427427428                                 37.25473842179511
293.03303303303306                                41.494287335501376
293.32332332332334                                103.78706479528924
293.61361361361367                                1835.378178312143
293.9039039039039                                 127.0376448028162
294.1941941941942                                 63.96278294928649
294.4844844844845                                 43.70665301188447
294.77477477477476                                33.733489528723034
295.0650650650651                                 27.809497742518015
295.35535535535536                                23.89450631148636
295.6456456456457                                 21.13236152249733
295.93593593593596                                19.073766163882304
296.22622622622623                                17.523078235062325
296.51651651651656                                16.450172436096626
296.8068068068068                                 15.013273133224962
297.0970970970971                                 14.323146242178739
297.3873873873874                                 13.666751329855916
297.67767767767765                                13.114027920019813
297.967967967968                                  12.633386518266796
298.25825825825825                                12.263798998254897
298.5485485485486                                 11.940368061023488
298.83883883883885                                11.639400389818679
299.1291291291292                                 11.407096911390132
299.41941941941946                                11.214967470719497
299.7097097097097                                 11.059197244241673
300                                               10.941094644866482
