10	-0.1054980963
10.29	-0.0994930299
10.58	-0.114471638
10.87	-0.1385453501
11.16	-0.1517886559
11.45	-0.1456716634
11.74	-0.1306279527
12.03	-0.1251573833
12.32	-0.1377500391
12.61	-0.159218077
12.9	-0.1723015189
13.19	-0.1685770697
13.48	-0.1561518964
13.77	-0.151188995
14.06	-0.162048261
14.35	-0.1815732164
14.64	-0.1945779693
14.93	-0.1927757601
15.22	-0.1824886763
15.51	-0.1780246044
15.8	-0.187600964
16.09	-0.20564473
16.38	-0.2186443756
16.67	-0.2184587487
16.96	-0.2099920195
17.25	-0.2060328726
17.54	-0.2146522511
17.83	-0.2315566884
18.12	-0.244619158
18.41	-0.2458445519
18.7	-0.2389817385
18.99	-0.2355467243
19.28	-0.2434648835
19.57	-0.259495294
19.86	-0.272683893
20.15	-0.2751885515
20.44	-0.2697828426
20.73	-0.2669014252
21.02	-0.2743245418
21.31	-0.2896991846
21.6	-0.3030827382
21.89	-0.306774594
22.18	-0.3027323756
22.47	-0.3004450921
22.76	-0.3075493189
23.05	-0.3224529249
23.34	-0.3360999229
23.63	-0.3409295558
23.92	-0.3381936275
24.21	-0.3365523693
24.5	-0.3434954539
24.79	-0.3580955064
25.08	-0.3720811491
25.37	-0.3780279664
25.66	-0.3765747403
25.95	-0.3756352031
26.24	-0.3825670722
26.53	-0.3970196188
26.82	-0.4114235263
27.11	-0.418495566
27.4	-0.4183231964
27.69	-0.4181590094
27.98	-0.4252211855
28.27	-0.4396764776
28.56	-0.4545925593
28.85	-0.4628168312
29.14	-0.4639533694
29.43	-0.464643016
29.72	-0.4719808155
30.01	-0.4865909347
30.3	-0.5021213787
30.59	-0.5115484825
30.88	-0.5140413157
31.17	-0.515684136
31.46	-0.5234465891
31.75	-0.5383668581
32.04	-0.5546293686
32.33	-0.5653338127
32.62	-0.5692528557
32.91	-0.5719607063
33.2	-0.580303584
33.49	-0.5957004335
33.78	-0.6128277129
34.07	-0.6249054094
34.36	-0.6303465787
34.65	-0.6342492828
34.94	-0.6433426433
35.23	-0.6593936116
35.52	-0.6775386773
35.81	-0.6911118584
36.1	-0.6981942601
36.39	-0.7034405344
36.68	-0.7134695869
36.97	-0.7303703907
37.26	-0.749706727
37.55	-0.7649254967
37.84	-0.7737937303
38.13	-0.7805558787
38.42	-0.7917234431
38.71	-0.8096882315
39	-0.8304153511
39.29	-0.8474546774
39.58	-0.8582840148
39.87	-0.8667574807
40.16	-0.8792880056
40.45	-0.898552893
40.74	-0.9208959301
41.03	-0.9399619377
41.32	-0.9529535
41.61	-0.9633578993
41.9	-0.9774979165
42.19	-0.9983221227
42.48	-1.0225308851
42.77	-1.0438592176
43.06	-1.0592411949
43.35	-1.0718198891
43.64	-1.0878358084
43.93	-1.1104973969
44.22	-1.1368476827
44.51	-1.1606960976
44.8	-1.1787190816
45.09	-1.1937297231
45.38	-1.2118978543
45.67	-1.2366915792
45.96	-1.2654716869
46.25	-1.2921112301
46.54	-1.313033054
46.83	-1.3307338813
47.12	-1.3513294208
47.41	-1.3785382771
47.7	-1.4100300838
47.99	-1.4397215984
48.28	-1.4637783911
48.57	-1.4843981646
48.86	-1.5076556646
49.15	-1.5375255928
49.44	-1.5719620486
49.73	-1.6049093667
50.02	-1.6322677513
50.31	-1.6559475248
50.6	-1.6820042419
50.89	-1.7146721434
51.18	-1.7521754384
51.47	-1.7884511132
51.76	-1.8191196283
52.05	-1.8458252218
52.34	-1.8746295498
52.63	-1.9100439453
52.92	-1.9505354627
53.21	-1.9899981662
53.5	-2.0237635622
53.79	-2.053247417
54.08	-2.0846015182
54.37	-2.1226931871
54.66	-2.166318543
54.95	-2.209522103
55.24	-2.2480232715
55.53	-2.2855920994
55.82	-2.3464024415
56.11	-2.246029156
56.4	-2.3532807539
56.69	-2.4053690489
56.98	-2.4444883134
57.27	-2.4757342444
57.56	-2.5065723036
57.85	-2.5429012537
58.14	-2.5838577713
58.43	-2.6227077346
58.72	-2.6534875394
59.01	-2.6769663528
59.3	-2.6999243396
59.59	-2.7282899861
59.88	-2.7608416403
60.17	-2.7899197291
60.46	-2.8087379702
60.75	-2.8181829155
61.04	-2.82610543
61.33	-2.8392683158
61.62	-2.8555999027
61.91	-2.8646152775
62.2	-2.8562565454
62.49	-2.8296809414
62.78	-2.7907644066
63.07	-2.7023747964
63.36	-2.9209210736
63.65	-2.8432323154
63.94	-2.8107116611
64.23	-2.7646811829
64.52	-2.7052163741
64.81	-2.6433723911
65.1	-2.5859975664
65.39	-2.5287137245
65.68	-2.4605726688
65.97	-2.3749445009
66.26	-2.2758215407
66.55	-2.1734587111
66.84	-2.0738585785
67.13	-1.9725785082
67.42	-1.8591302515
67.71	-1.7276792993
68	-1.5833949178
68.29	-1.4379008654
68.58	-1.2980194559
68.87	-1.1589218517
69.16	-1.0088307381
69.45	-0.8410902329
69.74	-0.6617875789
70.03	-0.4849153343
70.32	-0.3191434731
70.61	-0.1590178705
70.9	0.0101854409
71.19	0.1977495847
71.48	0.3970368694
71.77	0.5902649507
72.06	0.765254456
72.35	0.9284866162
72.64	1.1008604669
72.93	1.2982977916
73.22	1.5147283984
73.51	1.7249508133
73.8	1.907780093
74.09	2.0703328512
74.38	2.2505690881
74.67	2.4927188413
74.96	2.8158402088
75.25	3.2112085467
75.54	3.7292220521
75.83	5.8143194645
76.12	2.2751515683
76.41	3.0375916799
76.7	3.3715014455
76.99	3.7117306387
77.28	4.108971219
77.57	4.543367628
77.86	4.9938174437
78.15	5.470545901
78.44	6.0094319337
78.73	6.6283678069
79.02	7.2408122207
79.31	7.4908044949
79.6	6.6048198098
79.89	4.1361779859
80.18	1.4340798091
80.47	-0.0694581953
80.76	-0.5197259325
81.05	-0.4726748074
81.34	-0.25665396
81.63	-0.0096455649
81.92	0.2248522959
82.21	0.4421140073
82.5	0.6453495622
82.79	0.832397135
83.08	0.9967977007
83.37	1.135561751
83.66	1.2538574812
83.95	1.3618070246
84.24	1.4668349324
84.53	1.5689461399
84.82	1.6630716073
85.11	1.7457434355
85.4	1.8196484357
85.69	1.8921344141
85.98	1.9696439005
86.27	2.0536617893
86.56	2.1418146983
86.85	2.2326288967
87.14	2.3282433486
87.43	2.4244028179
87.72	2.4204381216
88.01	1.2504887189
88.3	-0.0419707825
88.59	1.1865005055
88.88	1.6446975977
89.17	1.9771326382
89.46	2.1941142921
89.75	2.2779019102
90.04	1.935804898
90.33	0.647340188
90.62	-0.3849987003
90.91	-0.2387437063
91.2	0.1493239522
91.49	0.4582760018
91.78	0.6764664847
92.07	0.8288010644
92.36	0.9372339849
92.65	1.01817463
92.94	1.0819210195
93.23	1.1327510109
93.52	1.171239755
93.81	1.1978815767
94.1	1.2153419111
94.39	1.2277205258
94.68	1.2379325398
94.97	1.2459603673
95.26	1.2497534272
95.55	1.2478330052
95.84	1.2414444783
96.13	1.232901747
96.42	1.2243351903
96.71	1.2151382494
97	1.2029185101
97.29	1.185896158
97.58	1.1646546285
97.87	1.1415003473
98.16	1.1180781503
98.45	1.0935679088
98.74	1.0651839461
99.03	1.0304126663
99.32	0.9887270809
99.61	0.9409863605
99.9	0.8869019787
100.19	0.822671813
100.48	0.7403569743
100.77	0.628331335
101.06	0.4705853039
101.35	0.2478157073
101.64	-0.0175063218
101.93	-0.0390083724
102.22	0.4697555008
102.51	0.8782925649
102.8	1.0061066022
103.09	1.0135027827
103.38	0.9818111546
103.67	0.9378338083
103.96	0.8879892402
104.25	0.8322870148
104.54	0.7707179957
104.83	0.7052840954
105.12	0.6385190074
105.41	0.5687311451
105.7	0.5390245483
105.99	0.4484563619
106.28	0.3694104621
106.57	0.2845129216
106.86	0.1953001492
107.15	0.1061871293
107.44	0.0238410559
107.73	-0.0410286382
108.02	-0.0711621948
108.31	-0.0438126992
108.6	0.0592085295
108.89	0.2339763288
109.18	0.4460702788
109.47	0.6473473592
109.76	0.8034326652
110.05	0.9046436164
110.34	0.9582533286
110.63	0.9768202913
110.92	0.9712112655
111.21	0.948703101
111.5	0.9138368903
111.79	0.8698347595
112.08	0.8192792144
112.37	0.7637112687
112.66	0.7022007788
112.95	0.6242343054
113.24	0.6454366392
113.53	0.4942062782
113.82	0.2969352047
114.11	0.7261524985
114.4	0.3389890513
114.69	0.115553464
114.98	-0.0888441586
115.27	0.4864945317
115.56	1.0151846567
115.85	0.9106689241
116.14	0.7770692529
116.43	0.6712029234
116.72	0.5868349111
117.01	0.5170847523
117.3	0.456795555
117.59	0.4020222515
117.88	0.350350524
118.17	0.3011148551
118.46	0.2547362933
118.75	0.2114810389
119.04	0.1706780804
119.33	0.1311211975
119.62	0.0922331802
119.91	0.0547530731
120.2	0.0201093529
120.49	-0.0109644015
120.78	-0.0390251244
121.07	-0.0647044647
121.36	-0.0864067459
121.65	-0.0989269468
121.94	-0.0938936865
122.23	-0.0564677774
122.52	0.2836904808
122.81	-0.0720282741
123.1	0.0365696806
123.39	0.1580990655
123.68	0.3265813746
123.97	0.5589233869
124.26	0.848950497
124.55	1.1528120774
124.84	1.3929923573
125.13	1.4973638597
125.42	1.448002166
125.71	1.2861143128
126	1.0718770641
126.29	0.8479616701
126.58	0.6319874982
126.87	0.4279092127
127.16	0.2389123702
127.45	0.0712998319
127.74	-0.0727614985
128.03	-0.1276105694
128.32	-0.0578969106
128.61	-0.1361342432
128.9	-0.0094164602
129.19	0.6236957919
129.48	2.4750186664
129.77	2.9157855787
130.06	1.0051202709
130.35	0.3303668993
130.64	-0.0360589113
130.93	-0.2632259978
131.22	-0.4268664191
131.51	-0.5407800668
131.8	-0.5907226783
132.09	-0.4720042501
132.38	1.9778284524
132.67	-0.5698962537
132.96	-0.6002941638
133.25	-0.4392905761
133.54	-0.0102492918
133.83	1.0118487583
134.12	2.6310915052
134.41	2.0654972563
134.7	0.3681228388
134.99	-0.5120267107
135.28	-0.9283752807
135.57	-1.1476747493
135.86	-1.2776290716
136.15	-1.3682598372
136.44	-1.4442194
136.73	-1.5130156005
137.02	-1.5707801268
137.31	-1.6103213587
137.6	-1.6259611668
137.89	-1.5620122201
138.18	-1.7785734957
138.47	-1.7566423543
138.76	-1.9792424532
139.05	-1.99206826
139.34	-2.1136453047
139.63	-2.3009799724
139.92	-2.6211726425
140.21	-3.300671638
140.5	-4.9876733158
140.79	1.7275871916
141.08	0.3195909106
141.37	-0.3463176462
141.66	-0.6855188917
141.95	-1.0386939532
142.24	-0.6569302578
142.53	-0.8908209172
142.82	-0.9997782522
143.11	-1.0761705992
143.4	-1.1406203597
143.69	-1.2065365474
143.98	-1.2909702764
144.27	-1.3998032042
144.56	-0.9121776028
144.85	0.4892204729
145.14	-0.2659469173
145.43	-0.5411645365
145.72	-0.673647418
146.01	-0.7054361906
146.3	-0.7477408817
146.59	-0.7678686025
146.88	-0.776655557
147.17	-0.7714217004
147.46	-0.6870153866
147.75	0.1560088621
148.04	-0.614053036
148.33	-0.5759628272
148.62	-0.3978255162
148.91	-0.0743186378
149.2	0.2785815202
149.49	0.4094858311
149.78	0.3214125592
150.07	0.1773830047
150.36	0.0538386854
150.65	-0.038480082
150.94	-0.1065367264
151.23	-0.1591585055
151.52	-0.2046771682
151.81	-0.2543211869
152.1	-0.3407220512
152.39	-0.35766776
152.68	0.1763596926
152.97	-0.1172192821
153.26	-0.1209429978
153.55	-0.1307563669
153.84	-0.1324955814
154.13	-0.1145659247
154.42	-0.0675133839
154.71	-0.1415280378
155	-0.1374133751
155.29	-0.1308075802
155.58	-0.1217556751
155.87	-0.0454563934
156.16	-0.1192634839
156.45	-0.1086608882
156.74	-0.1023725895
157.03	-0.1001258701
157.32	-0.1117715104
157.61	-0.0605647654
157.9	-0.0698995474
158.19	-0.0636041881
158.48	-0.0477795653
158.77	-0.1210558892
159.06	-0.0573468387
159.35	-0.0457840038
159.64	-0.0387993344
159.93	-0.0335410656
160.22	-0.028671454
160.51	-0.0234967343
160.8	-0.0179828965
161.09	-0.0125643993
161.38	-0.0088655945
161.67	-0.003724944
161.96	-0.0002812113
162.25	0.0003606344
162.54	-0.1730547641
162.83	-0.0116624925
163.12	0.0006376186
163.41	0.0070362488
163.7	0.0151763281
163.99	0.0511813406
164.28	0.0223138091
164.57	0.123141528
164.86	0.0001517734
165.15	-0.0031352399
165.44	-0.00653208
165.73	-0.0120312061
166.02	-0.001479846
166.31	-0.0031553153
166.6	-0.0069972374
166.89	-0.0101347555
167.18	-0.0135998487
167.47	-0.0171460262
167.76	-0.0200329896
168.05	-0.0216712243
168.34	-0.0221134624
168.63	-0.0222339964
168.92	-0.0660138887
169.21	-0.0135986981
169.5	-0.0174075011
169.79	0.0008242597
170.08	0.001349891
170.37	0.0102641881
170.66	0.0324112378
170.95	-0.0611275179
171.24	0.0558129585
171.53	-0.0175730098
171.82	0.0086516836
172.11	0.0234712014
172.4	0.0365146179
172.69	0.031856942
172.98	0.0488404224
173.27	0.056966213
173.56	0.0598038277
173.85	0.052963908
174.14	0.0159895723
174.43	-0.2312939437
174.72	0.3297954279
175.01	0.2352080685
175.3	0.2112453324
175.59	0.1976435504
175.88	0.1814111392
176.17	0.1526491246
176.46	0.0877380106
176.75	0.365454463
177.04	0.0072585394
177.33	0.0533520194
177.62	-0.0657608358
177.91	-0.0898125876
178.2	-0.0311637084
178.49	0.0827058604
178.78	0.1786709865
179.07	0.2486426193
179.36	0.2988881889
179.65	0.3344162592
179.94	0.3640304189
180.23	0.3815749591
180.52	0.3876762878
180.81	0.3469184706
181.1	0.2488954773
181.39	0.5197679152
181.68	0.5171221546
181.97	0.5000655386
182.26	0.4774097718
182.55	0.4402952647
182.84	0.0640730759
183.13	0.4068957853
183.42	0.5032120979
183.71	0.4836909911
184	0.450566772
184.29	0.4061880609
184.58	0.3468868211
184.87	0.2679508249
185.16	0.1649593504
185.45	0.0339011345
185.74	-0.1294857592
186.03	-0.3301706441
186.32	-0.5730168065
186.61	-0.8604210293
186.9	-1.1895838226
187.19	-1.5530542376
187.48	-1.958408771
187.77	-0.152658595
188.06	-2.1438194854
188.35	-2.3820095795
188.64	-2.4495102471
188.93	-2.3714003232
189.22	-2.0509409342
189.51	-0.4206036844
189.8	-2.9079430053
190.09	-2.6034207839
190.38	-2.3371045602
190.67	-2.1250525414
190.96	-1.9446423824
191.25	-1.7825218732
191.54	-1.6182167398
191.83	-1.511725859
192.12	-1.3662013938
192.41	-1.2351986298
192.7	-1.1212201231
192.99	-1.024049213
193.28	-0.789552797
193.57	-0.9590607332
193.86	-0.8422857933
194.15	-0.7334477034
194.44	-0.6096170197
194.73	-0.3951087791
195.02	-0.9801504335
195.31	-0.6029302805
195.6	-0.4906272223
195.89	-0.3992565837
196.18	-0.3549295132
196.47	-0.2180688387
196.76	-0.1083243683
197.05	0.001306656
197.34	-1.5909518445
197.63	-0.992343398
197.92	-0.5195917416
198.21	-0.3233987485
198.5	0.3705043164
198.79	-0.0734894371
199.08	-1.4125163905
199.37	-0.2367555356
199.66	0.0116318573
199.95	-0.1160696862
200.24	0.0162821655
200.53	-0.2390364589
200.82	0.0722501123
201.11	0.112172028
201.4	0.0366688912
201.69	0.3054192503
201.98	0.2230739739
202.27	-1.2138930418
202.56	-0.3622325424
202.85	-0.059096699
203.14	0.0886536745
203.43	0.1891541787
203.72	0.2166084646
204.01	0.4737172507
204.3	0.5221070535
204.59	0.0798011509
204.88	-0.5843776699
205.17	-0.4309211879
205.46	0.0117737714
205.75	0.1916617631
206.04	0.3280103783
206.33	0.3652921701
206.62	0.4793840857
206.91	0.7572331773
207.2	1.3249276481
207.49	0.2726753504
207.78	0.2729637266
208.07	0.7010102211
208.36	3.1705803512
208.65	0.0981499742
208.94	0.2437038572
209.23	0.3159904977
209.52	0.4278389219
209.81	0.7481170328
210.1	0.3153594675
210.39	0.2624838572
210.68	0.3539818723
210.97	0.3834499355
211.26	0.3880792362
211.55	0.4082281445
211.84	0.4492506842
212.13	0.4948544441
212.42	0.5086632207
212.71	0.3932567956
213	0.248406376
213.29	-0.0584187802
213.58	-1.1222486034
213.87	2.1573284059
214.16	1.0830912874
214.45	0.9601711707
214.74	0.9263566474
215.03	0.8646613083
215.32	0.7608656632
215.61	0.633677307
215.9	0.4824867498
216.19	0.2243128932
216.48	-0.1503706055
216.77	1.2923797513
217.06	0.8170568719
217.35	0.0759154173
217.64	0.7266431321
217.93	0.8312637781
218.22	0.586215407
218.51	0.2824865406
218.8	0.0523151144
219.09	-8.67E-05
219.38	0.0945962974
219.67	0.2416991261
219.96	0.3764181527
220.25	0.4908061474
220.54	0.5544371586
220.83	0.608717686
221.12	0.6630278593
221.41	0.7457274367
221.7	0.8215338262
221.99	1.0953292745
222.28	0.39349254
222.57	0.6561005553
222.86	0.701218637
223.15	0.741397719
223.44	0.8006493391
223.73	0.8774782051
224.02	0.9340011946
224.31	-0.3421263862
224.6	0.5120986453
224.89	0.4939816591
225.18	0.1532218457
225.47	-0.3219908188
225.76	-0.3907833797
226.05	-0.259406158
226.34	-0.1083000059
226.63	0.0178487728
226.92	0.1618921762
227.21	0.0963386014
227.5	0.1264079821
227.79	0.1538046849
228.08	0.2154574308
228.37	0.2560977368
228.66	0.1168454209
228.95	-0.0380969902
229.24	0.1151102442
229.53	0.1610342699
229.82	0.1758322766
230.11	0.1809486145
230.4	0.1870595207
230.69	0.1920195476
230.98	0.18427053
231.27	0.161437682
231.56	0.1261281454
231.85	0.0287976007
232.14	0.1285356336
232.43	0.0858746291
232.72	0.0211570692
233.01	-0.0980961545
233.3	-0.2995836191
233.59	0.0249593936
233.88	-0.009094092
234.17	-0.0627781188
234.46	-0.0898309014
234.75	-0.0971581826
235.04	-0.0884517271
235.33	0.0020445154
235.62	-0.050582612
235.91	-0.0645569352
236.2	-0.0238643343
236.49	-0.0007857809
236.78	0.0152525844
237.07	0.0276911585
237.36	0.0040147399
237.65	0.0506653521
237.94	0.0566726376
238.23	0.0559424885
238.52	0.0490891229
238.81	0.0460096245
239.1	0.6032235132
239.39	0.0113804222
239.68	0.4952479197
239.97	0.1737129967
240.26	0.0720370222
240.55	-0.0612557694
240.84	-0.1156566002
241.13	-0.1252829634
241.42	-0.1188836802
241.71	-0.1149992866
242	-0.1199009718
242.29	-0.1315902861
242.58	-0.1619467739
242.87	-0.0721220114
243.16	0.1941911858
243.45	0.1484303118
243.74	0.1269027865
244.03	0.0416053787
244.32	0.0824437424
244.61	0.0897695815
244.9	0.0905117502
245.19	0.0824256836
245.48	0.0662002356
245.77	0.094026307
246.06	0.0930019068
246.35	0.0918007626
246.64	0.0952097777
246.93	0.0797336072
247.22	0.0650870939
247.51	0.058419991
247.8	0.0610251764
248.09	0.0698596892
248.38	0.0659959706
248.67	0.0241369612
248.96	-0.1256289283
249.25	0.8148643414
249.54	0.1432466098
249.83	0.1405581026
250.12	0.128341457
250.41	0.1290713112
250.7	0.1300422456
250.99	0.1245142416
251.28	0.0903004397
251.57	0.0977760964
251.86	0.1028396394
252.15	0.1082470969
252.44	0.106778959
252.73	0.1053233355
253.02	0.0948167603
253.31	0.0945217225
253.6	0.1120219657
253.89	-0.0271531307
254.18	0.0924385463
254.47	0.1036931703
254.76	0.092943878
255.05	0.1116184912
255.34	0.090791983
255.63	0.0973768678
255.92	0.0948690035
256.21	0.0840784161
256.5	0.1013764102
256.79	0.0766169342
257.08	0.0991216207
257.37	0.0236904643
257.66	0.081371916
257.95	0.0801479941
258.24	0.0679322958
258.53	0.0777838205
258.82	0.0869067898
259.11	0.0716381379
259.4	0.0866261871
259.69	0.081475757
259.98	0.0782050123
260.27	0.0855250423
260.56	0.1172035868
260.85	-0.1202022723
261.14	0.0590572923
261.43	0.0720742245
261.72	0.0707779245
262.01	0.0670098131
262.3	0.0653413007
262.59	0.0636715908
262.88	0.0637008432
263.17	0.0632193824
263.46	0.0555720015
263.75	0.0502919967
264.04	0.0463844823
264.33	0.0361424402
264.62	0.0595979753
264.91	0.0355851298
265.2	0.0396719685
265.49	0.0413905448
265.78	0.0437848224
266.07	0.0455804739
266.36	0.0636283911
266.65	-0.0192718001
266.94	0.0268833643
267.23	0.0524610607
267.52	-0.0700050777
267.81	0.0101376734
268.1	-0.0497960888
268.39	0.0299525544
268.68	0.0028518564
268.97	-0.0146861356
269.26	-0.0281194841
269.55	-0.0430061328
269.84	-0.0677277292
270.13	-0.1120236675
270.42	-0.1949840084
270.71	-0.4535497338
271	-2.104604265
271.29	0.025880729
271.58	-0.0200335456
271.87	-0.0523058337
272.16	-0.3090441248
272.45	-0.2394646855
272.74	-0.2795264099
273.03	-0.3203882615
273.32	-0.314195349
273.61	-0.0294083498
273.9	-0.5016153531
274.19	-0.1899506299
274.48	-0.3869713821
274.77	-0.4439083795
275.06	-0.5011039511
275.35	-0.5714845376
275.64	-0.4671420912
275.93	-0.3508627867
276.22	-0.5271086559
276.51	-0.3480148803
276.8	-0.2773292979
277.09	-0.2520400464
277.38	-0.213388532
277.67	-0.18694658
277.96	-0.1457891604
278.25	-0.1166413045
278.54	-0.1410756194
278.83	-0.0904349009
279.12	-0.0641620969
279.41	-0.0454431119
279.7	-0.0610631118
279.99	-0.027422958
280.28	0.0473808274
280.57	-0.1379928738
280.86	-0.0319746672
281.15	-0.0126229579
281.44	0.0016303874
281.73	-0.1419065586
282.02	-0.0387762704
282.31	-0.0013151298
282.6	-0.0057816803
282.89	-0.0074132222
283.18	-0.0148239655
283.47	-6.24E-05
283.76	0.0029321475
284.05	-0.0144866594
284.34	-0.0397820725
284.63	-0.4203637819
284.92	-0.0573548877
285.21	0.0030314303
285.5	-0.0085259009
285.79	-0.0450350386
286.08	-0.1403401945
286.37	-0.0322968954
286.66	-0.0736776056
286.95	-0.1365832226
287.24	-0.3813644816
287.53	-0.0421609585
287.82	-0.1925499532
288.11	-0.3752647746
288.4	-0.4302251946
288.69	-0.6630201711
288.98	-0.8630210533
289.27	-0.3220658085
289.56	0.1770371277
289.85	0.0502446601
290.14	-0.236099444
290.43	0.0653300622
290.72	-0.0989336394
291.01	0.0184672601
291.3	-0.0954318102
291.59	-0.182209676
291.88	-0.8454451437
292.17	-0.6683869653
292.46	-1.4837601251
292.75	1.5729854922
293.04	0.4904755868
293.33	0.419806458
293.62	0.2620135526
293.91	-0.6029450394
294.2	0.1357852408
294.49	-0.6782831043
294.78	-0.0498160893
295.07	-0.0268916048
295.36	-0.1585129653
295.65	-0.5151352826
295.94	-1.9292597482
296.23	-0.266904446
296.52	-0.4839879096
296.81	-0.6153325798
297.1	-0.6860211468
297.39	-0.701540985
297.68	-0.686480124
297.97	-0.7193319224
298.26	-0.6937588091
298.55	-0.7540853648
298.84	-0.7481041211
299.13	-0.7134214903
299.42	-0.6568621321
299.71	-0.6734714668
300	-0.7345544044
