% Model:              bicon_box_fullwave_3.1.21.mph
% Version:            COMSOL 5.4.0.388
% Date:               Mar 4 2021, 10:46
% Table:              Table 5 - magnitude v (abs(emw.Vport_1))
% freq (MHz)                                      abs(emw.Vport_1) (V)
10                                                0.11083970267918668
10.29029029029029                                 0.11083970267918668
10.58058058058058                                 0.11083970267918668
10.87087087087087                                 0.11083970267918668
11.16116116116116                                 0.11083970267918668
11.451451451451451                                0.11083970267918668
11.741741741741743                                0.11083970267918668
12.032032032032031                                0.11083970267918668
12.322322322322321                                0.11083970267918668
12.612612612612612                                0.11083970267918668
12.902902902902902                                0.11083970267918668
13.193193193193192                                0.11083970267918668
13.483483483483484                                0.11083970267918668
13.773773773773774                                0.11083970267918668
14.064064064064064                                0.11083970267918668
14.354354354354355                                0.11083970267918668
14.644644644644643                                0.11083970267918668
14.934934934934935                                0.11083970267918668
15.225225225225225                                0.11083970267918668
15.515515515515515                                0.11083970267918668
15.805805805805806                                0.11083970267918668
16.096096096096097                                0.11083970267918665
16.386386386386388                                0.11083970267918665
16.676676676676678                                0.11083970267918668
16.966966966966968                                0.11083970267918668
17.257257257257255                                0.11083970267918668
17.54754754754755                                 0.11083970267918666
17.837837837837835                                0.11083970267918666
18.12812812812813                                 0.22449842911400308
18.41841841841842                                 0.22449842911400308
18.70870870870871                                 0.22449842911400308
18.998998998999                                   0.2244984291140031
19.289289289289286                                0.22449842911400308
19.57957957957958                                 0.22449842911400308
19.869869869869873                                0.22449842911400308
20.16016016016016                                 0.22449842911400308
20.45045045045045                                 0.22449842911400308
20.74074074074074                                 0.22449842911400308
21.03103103103103                                 0.2244984291140031
21.32132132132132                                 0.2244984291140031
21.61161161161161                                 0.22449842911400308
21.9019019019019                                  0.22449842911400308
22.19219219219219                                 0.22449842911400308
22.482482482482485                                0.22449842911400308
22.772772772772772                                0.22449842911400308
23.063063063063062                                0.22449842911400308
23.353353353353356                                0.22449842911400308
23.643643643643646                                0.22449842911400308
23.933933933933936                                0.22449842911400308
24.224224224224223                                0.22449842911400308
24.514514514514513                                0.22449842911400308
24.804804804804803                                0.22449842911400308
25.095095095095097                                0.22449842911400308
25.385385385385387                                0.3425071054203533
25.675675675675674                                0.3425071054203533
25.965965965965967                                0.3425071054203533
26.256256256256258                                0.34250710542035323
26.546546546546548                                0.34250710542035323
26.836836836836834                                0.34250710542035323
27.127127127127128                                0.34250710542035323
27.41741741741742                                 0.3425071054203533
27.70770770770771                                 0.3425071054203533
27.997997997998                                   0.34250710542035334
28.28828828828829                                 0.34250710542035334
28.57857857857858                                 0.34250710542035334
28.868868868868866                                0.34250710542035334
29.15915915915916                                 0.34250710542035334
29.44944944944945                                 0.34250710542035334
29.73973973973974                                 0.34250710542035334
30.03003003003003                                 0.34250710542035334
30.32032032032032                                 0.34250710542035334
30.61061061061061                                 0.4628951381512797
30.900900900900904                                0.4628951381512797
31.19119119119119                                 0.4628951381512797
31.481481481481485                                0.4628951381512797
31.77177177177177                                 0.4628951381512797
32.06206206206206                                 0.4628951381512797
32.352352352352355                                0.4628951381512797
32.64264264264264                                 0.4628951381512797
32.932932932932935                                0.4628951381512797
33.22322322322322                                 0.4628951381512797
33.513513513513516                                0.4628951381512797
33.8038038038038                                  0.4628951381512797
34.094094094094096                                0.4628951381512797
34.38438438438438                                 0.4628951381512797
34.67467467467468                                 0.4628951381512797
34.96496496496497                                 0.5913759050166973
35.25525525525525                                 0.5913759050166973
35.545545545545544                                0.5913759050166973
35.83583583583584                                 0.5913759050166973
36.126126126126124                                0.5913759050166973
36.41641641641642                                 0.5913759050166973
36.70670670670671                                 0.5913759050166973
36.996996996997                                   0.5913759050166973
37.28728728728729                                 0.5913759050166973
37.57757757757757                                 0.5913759050166973
37.86786786786787                                 0.5913759050166973
38.15815815815816                                 0.5913759050166973
38.448448448448445                                0.72297635722565
38.738738738738746                                0.72297635722565
39.029029029029026                                0.72297635722565
39.31931931931932                                 0.7229763572256499
39.609609609609606                                0.7229763572256499
39.8998998998999                                  0.7229763572256499
40.190190190190194                                0.7229763572256499
40.48048048048048                                 0.7229763572256499
40.770770770770774                                0.7229763572256499
41.06106106106106                                 0.7229763572256499
41.35135135135135                                 0.8576336676985389
41.64164164164165                                 0.8576336676985389
41.931931931931935                                0.8576336676985389
42.22222222222222                                 0.857633667698539
42.512512512512515                                0.8576336676985389
42.8028028028028                                  0.857633667698539
43.093093093093096                                0.857633667698539
43.38338338338338                                 0.857633667698539
43.673673673673676                                0.857633667698539
43.96396396396397                                 1.0019471121098866
44.254254254254256                                1.0019471121098866
44.54454454454454                                 1.0019471121098866
44.83483483483484                                 1.0019471121098866
45.12512512512512                                 1.0019471121098866
45.41541541541542                                 1.0019471121098866
45.70570570570571                                 1.0019471121098866
45.995995995996                                   1.1448279211438528
46.286286286286284                                1.1448279211438528
46.57657657657658                                 1.1448279211438528
46.86686686686687                                 1.1448279211438528
47.15715715715716                                 1.144827921143853
47.447447447447445                                1.144827921143853
47.73773773773774                                 1.2835963611565344
48.02802802802803                                 1.2835963611565344
48.31831831831832                                 1.2835963611565346
48.608608608608606                                1.2835963611565346
48.8988988988989                                  1.2835963611565342
49.18918918918919                                 1.418282468671666
49.47947947947948                                 1.418282468671666
49.76976976976977                                 1.418282468671666
50.06006006006006                                 1.418282468671666
50.35035035035035                                 1.545876461041948
50.64064064064064                                 1.545876461041948
50.930930930930934                                1.545876461041948
51.22122122122122                                 1.545876461041948
51.51151151151151                                 1.6648439812051326
51.80180180180181                                 1.6648439812051326
52.092092092092095                                1.6648439812051326
52.38238238238238                                 1.7882899454251513
52.67267267267267                                 1.7882899454251513
52.96296296296297                                 1.7882899454251513
53.253253253253256                                1.8972799128331321
53.54354354354354                                 1.8972799128331321
53.833833833833836                                2.026905521563978
54.12412412412412                                 2.026905521563978
54.414414414414416                                2.0269055215639775
54.70470470470471                                 2.084851126252628
54.994994994995                                   2.1952306619815367
55.28528528528528                                 2.1952306619815367
55.57557557557558                                 2.196520409537202
55.86586586586587                                 2.2852971160419586
56.15615615615616                                 2.407148068957741
56.446446446446444                                2.407148068957741
56.73673673673674                                 2.407148068957741
57.02702702702703                                 2.407148068957741
57.31731731731732                                 2.510987670456825
57.607607607607605                                2.7009680147383
57.8978978978979                                  2.7009680147383
58.18818818818819                                 2.767367285763732
58.47847847847848                                 2.939487075860004
58.76876876876877                                 2.939487075860004
59.05905905905906                                 3.000261646926686
59.34934934934935                                 3.171289441093447
59.63963963963964                                 3.171289441093447
59.92992992992993                                 3.36861727326541
60.22022022022022                                 3.3686172732654103
60.51051051051051                                 3.551540041353244
60.80080080080081                                 3.551540041353244
61.091091091091094                                3.7391234803532485
61.38138138138138                                 3.7391234803532485
61.67167167167167                                 3.928459210174426
61.96196196196197                                 4.140716989627811
62.252252252252255                                4.140716989627811
62.54254254254254                                 4.2616906400690855
62.832832832832835                                4.4694929488630155
63.12312312312312                                 4.540689150077239
63.413413413413416                                4.540689150077239
63.70370370370371                                 4.841397733521914
63.993993993993996                                4.841397733521914
64.28428428428428                                 5.041135272457643
64.57457457457458                                 5.176436424545936
64.86486486486487                                 5.392575967637581
65.15515515515516                                 5.392575967637581
65.44544544544544                                 5.607552617631688
65.73573573573574                                 5.849320254142766
66.02602602602603                                 5.849320254142766
66.31631631631632                                 6.183250696442689
66.6066066066066                                  6.319155535598586
66.89689689689689                                 6.497490649816046
67.18718718718719                                 6.497490649816046
67.47747747747749                                 6.772718726746272
67.76776776776777                                 7.089883240104326
68.05805805805805                                 7.089883240104326
68.34834834834835                                 7.164954877713162
68.63863863863864                                 7.232075714719647
68.92892892892894                                 7.543891515775556
69.21921921921923                                 7.570904106339709
69.5095095095095                                  7.549266053653963
69.7997997997998                                  7.8475615670312795
70.09009009009009                                 7.826861035915533
70.38038038038039                                 7.731629338540887
70.67067067067067                                 7.968750302471303
70.96096096096096                                 7.930434637109104
71.25125125125125                                 7.798651658637842
71.54154154154155                                 7.982220689648956
71.83183183183183                                 7.921348032253502
72.12212212212212                                 7.742456374794067
72.41241241241242                                 7.8862230036724466
72.7027027027027                                  7.849031774721242
72.992992992993                                   7.572731231398353
73.2832832832833                                  7.694411863091146
73.57357357357358                                 7.648502143664515
73.86386386386387                                 7.340638941911942
74.15415415415414                                 7.355544721305258
74.44444444444444                                 7.23037873708406
74.73473473473474                                 7.177717117366736
75.02502502502503                                 6.9895829920013774
75.31531531531532                                 6.989582992001378
75.6056056056056                                  6.873657773561723
75.89589589589589                                 6.6928851022210605
76.18618618618619                                 6.658625256817354
76.47647647647649                                 6.476632596951508
76.76676676676676                                 6.476632596951508
77.05705705705705                                 6.344152590371149
77.34734734734735                                 6.2117851168301605
77.63763763763764                                 6.088299180994529
77.92792792792794                                 6.088299180994529
78.21821821821821                                 5.9496368169631335
78.50850850850851                                 5.826822381082808
78.7987987987988                                  5.717016056614618
79.08908908908909                                 5.596492923471017
79.37937937937939                                 5.596492923471017
79.66966966966967                                 5.4292801851696515
79.95995995995996                                 5.370339917426586
80.25025025025025                                 5.370339917426586
80.54054054054055                                 5.159237738187425
80.83083083083083                                 5.159237738187425
81.12112112112112                                 5.065281843826424
81.41141141141142                                 4.925338434727716
81.7017017017017                                  4.925338434727716
81.991991991992                                   4.925338434727716
82.2822822822823                                  4.759088424880844
82.57257257257257                                 4.725596570255188
82.86286286286287                                 4.623058623453562
83.15315315315316                                 4.623058623453562
83.44344344344344                                 4.486030137335164
83.73373373373374                                 4.486030137335164
84.02402402402402                                 4.4316404646588365
84.31431431431432                                 4.324942765736929
84.60460460460462                                 4.324942765736929
84.89489489489489                                 4.268038143000515
85.18518518518519                                 4.165332865753099
85.47547547547548                                 4.165332865753099
85.76576576576576                                 4.110863235048543
86.05605605605606                                 4.015511475051931
86.34634634634635                                 4.015511475051931
86.63663663663664                                 4.015511475051931
86.92692692692694                                 3.9390673276594503
87.21721721721721                                 3.8404761121868547
87.50750750750751                                 3.8404761121868547
87.7977977977978                                  3.790035017404498
88.08808808808809                                 3.748765985758997
88.37837837837839                                 3.6749432353446174
88.66866866866867                                 3.6749432353446165
88.95895895895896                                 3.6749432353446165
89.24924924924925                                 3.6120084496826315
89.53953953953955                                 3.5632062981401087
89.82982982982983                                 3.495265785219818
90.12012012012012                                 3.495265785219818
90.41041041041042                                 3.495265785219818
90.7007007007007                                  3.4294216620014994
90.990990990991                                   3.385466692810448
91.2812812812813                                  3.3411952091579966
91.57157157157157                                 3.294510664311984
91.86186186186187                                 3.294510664311984
92.15215215215215                                 3.237362950586749
92.44244244244244                                 3.2140882177603087
92.73273273273274                                 3.2140882177603087
93.02302302302301                                 3.137021121474199
93.31331331331332                                 3.137021121474199
93.60360360360362                                 3.121037548920629
93.89389389389389                                 3.0537995560732147
94.18418418418419                                 3.0537995560732147
94.47447447447448                                 3.0324135043403926
94.76476476476476                                 2.967947461819802
95.05505505505506                                 2.967947461819802
95.34534534534535                                 2.967947461819802
95.63563563563564                                 2.9370765938088303
95.92592592592594                                 2.937076593808831
96.21621621621621                                 2.88503380181664
96.50650650650651                                 2.8592547534488437
96.7967967967968                                  2.8592547534488437
97.08708708708708                                 2.859254753448844
97.37737737737739                                 2.7942439465939346
97.66766766766767                                 2.7942439465939346
97.95795795795796                                 2.767341194132853
98.24824824824825                                 2.713773691685362
98.53853853853855                                 2.713773691685362
98.82882882882883                                 2.713773691685362
99.11911911911912                                 2.713773691685362
99.40940940940942                                 2.672435831130643
99.6996996996997                                  2.672435831130643
99.98998998999                                    2.6298790757426733
100.2802802802803                                 2.6298790757426724
100.57057057057057                                2.58972972998295
100.86086086086087                                2.58972972998295
101.15115115115115                                2.5529353144360805
101.44144144144144                                2.5529353144360805
101.73173173173174                                2.5529353144360805
102.02202202202201                                2.513267768421297
102.31231231231232                                2.513267768421297
102.60260260260262                                2.48361195490782
102.89289289289289                                2.48361195490782
103.18318318318319                                2.48361195490782
103.47347347347348                                2.442802005964087
103.76376376376376                                2.442802005964087
104.05405405405406                                2.414335696088692
104.34434434434435                                2.414335696088692
104.63463463463464                                2.4143356960886915
104.92492492492494                                2.3761059006242586
105.21521521521521                                2.3761059006242586
105.50550550550551                                2.355724775160613
105.7957957957958                                 2.355724775160613
106.08608608608608                                2.33980344472466
106.37637637637638                                2.320385530878296
106.66666666666667                                2.320385530878296
106.95695695695696                                2.2865299207465855
107.24724724724724                                2.2865299207465855
107.53753753753755                                2.2865299207465855
107.82782782782783                                2.259077124278332
108.11811811811812                                2.259077124278332
108.40840840840842                                2.259077124278332
108.6986986986987                                 2.226283423174287
108.988988988989                                  2.226283423174287
109.2792792792793                                 2.2020244689762807
109.56956956956957                                2.2020244689762807
109.85985985985987                                2.2020244689762807
110.15015015015015                                2.170262893633849
110.44044044044044                                2.170262893633849
110.73073073073074                                2.170262893633849
111.02102102102101                                2.1464181067671517
111.31131131131131                                2.1464181067671517
111.60160160160162                                2.117888858395684
111.89189189189189                                2.117888858395684
112.18218218218219                                2.117888858395684
112.47247247247248                                2.0934350779884077
112.76276276276276                                2.0934350779884077
113.05305305305306                                2.0678720855216204
113.34334334334335                                2.0678720855216204
113.63363363363364                                2.057383326392948
113.92392392392394                                2.0390727813286507
114.21421421421421                                2.0390727813286507
114.50450450450451                                2.0132781753086957
114.7947947947948                                 2.0132781753086957
115.08508508508508                                1.9913392641934788
115.37537537537538                                1.9644827360627548
115.66566566566567                                1.9644827360627548
115.95595595595596                                1.9644827360627546
116.24624624624624                                1.9644827360627546
116.53653653653654                                1.9337899211474554
116.82682682682683                                1.8909345794600023
117.11711711711712                                1.8909345794600023
117.40740740740742                                1.8909345794600023
117.6976976976977                                 1.8909345794600023
117.98798798798799                                1.8023928201687114
118.27827827827828                                1.8023928201687114
118.56856856856857                                1.8023928201687114
118.85885885885887                                1.7795748031549257
119.14914914914915                                1.6737763641049046
119.43943943943944                                1.6737763641049046
119.72972972972974                                1.6737763641049046
120.02002002002001                                1.5307337325307369
120.31031031031031                                1.5307337325307366
120.60060060060061                                1.5307337325307369
120.89089089089089                                1.3334879659983372
121.18118118118119                                1.333487965998337
121.47147147147149                                1.1319046907723807
121.76176176176176                                1.1319046907723807
122.05205205205206                                0.8909863409410052
122.34234234234233                                0.7078125324469241
122.63263263263264                                0.4860742274637429
122.92292292292294                                0.30113702797431197
123.21321321321321                                0.17996790871309606
123.50350350350351                                0.17996790871309606
123.7937937937938                                 0.6368817971654711
124.08408408408408                                1.1008182011989587
124.37437437437438                                1.1008182011989587
124.66466466466467                                1.8646452435065417
124.95495495495496                                2.17295805930879
125.24524524524524                                2.637567702443945
125.53553553553554                                2.8746334104048623
125.82582582582583                                3.1692829436602974
126.11611611611612                                3.2752032905518993
126.40640640640642                                3.4775756604080623
126.6966966966967                                 3.5543257061171016
126.98698698698699                                3.610348366681838
127.27727727727728                                3.6950628247881854
127.56756756756756                                3.7455080912135914
127.85785785785787                                3.799248046454536
128.14814814814815                                3.799248046454536
128.43843843843845                                3.8233189245250303
128.72872872872873                                3.8551880233466154
129.01901901901903                                3.8551880233466154
129.3093093093093                                 3.904879341722059
129.5995995995996                                 3.9640002057835186
129.8898898898899                                 3.9954184534484596
130.18018018018017                                4.017381569400176
130.47047047047047                                4.049799349037531
130.76076076076077                                4.088480138478522
131.05105105105105                                4.088480138478522
131.34134134134135                                4.167438276044741
131.63163163163165                                4.2280311084751645
131.92192192192192                                4.289613405773619
132.21221221221222                                4.339818633569516
132.50250250250252                                4.349376107527837
132.7927927927928                                 4.462597743070485
133.0830830830831                                 4.522625722583648
133.3733733733734                                 4.594519774110033
133.66366366366367                                4.660353577576233
133.95395395395397                                4.737707415259181
134.24424424424424                                4.805121033624997
134.53453453453454                                4.886610406850085
134.82482482482484                                5.009165948062867
135.1151151151151                                 5.055966105609234
135.4054054054054                                 5.165873147655282
135.6956956956957                                 5.165873147655282
135.985985985986                                  5.280280554808136
136.2762762762763                                 5.395714360965726
136.5665665665666                                 5.446041530521299
136.85685685685687                                5.482524696093627
137.14714714714717                                5.566100476284096
137.43743743743744                                5.597596447512595
137.72772772772774                                5.627498321212926
138.018018018018                                  5.613197283786581
138.30830830830828                                5.635358215438739
138.59859859859858                                5.620970465086778
138.88888888888889                                5.558560248568989
139.1791791791792                                 5.500626872637472
139.4694694694695                                 5.396274881070483
139.7597597597598                                 5.34050307760639
140.05005005005006                                5.1690285202847255
140.34034034034033                                5.048577293446687
140.63063063063063                                4.8697301455494255
140.92092092092093                                4.7734383271229355
141.2112112112112                                 4.583519323441579
141.5015015015015                                 4.371147637814104
141.79179179179178                                4.274254965314315
142.08208208208208                                4.071983430054108
142.37237237237238                                3.850470687233186
142.66266266266268                                3.7350072422728955
142.95295295295298                                3.553128538159096
143.24324324324323                                3.3588216577048655
143.53353353353353                                3.2533990214341757
143.82382382382383                                3.0668681936120707
144.1141141141141                                 2.906164685522579
144.4044044044044                                 2.8795059771245772
144.6946946946947                                 2.6492119033160333
144.98498498498498                                2.628145051220346
145.27527527527528                                2.471794581161335
145.56556556556558                                2.318023139212583
145.85585585585588                                2.2028279751720556
146.14614614614615                                2.179238339889321
146.43643643643645                                2.0402914401436427
146.72672672672672                                1.9166415819511757
147.01701701701703                                1.814418418422131
147.30730730730733                                1.8144184184221306
147.5975975975976                                 1.693707833448536
147.8878878878879                                 1.5862331279029278
148.17817817817817                                1.5862331279029278
148.46846846846847                                1.4532803005644528
148.75875875875877                                1.4532803005644528
149.04904904904905                                1.3312588703055583
149.33933933933935                                1.3312588703055583
149.62962962962965                                1.2113323652377324
149.91991991991992                                1.2113323652377324
150.21021021021022                                1.1049958372057964
150.5005005005005                                 1.1049958372057962
150.7907907907908                                 1.0714444991299685
151.0810810810811                                 0.9703246404034133
151.3713713713714                                 0.9703246404034133
151.66166166166167                                0.9360524616865793
151.95195195195194                                0.8455167656224787
152.24224224224224                                0.8455167656224787
152.53253253253254                                0.8207605733473196
152.82282282282284                                0.73333028896386
153.11311311311312                                0.73333028896386
153.4034034034034                                 0.7016875560373869
153.6936936936937                                 0.6443321004497078
153.983983983984                                  0.6443321004497078
154.2742742742743                                 0.6080178901525201
154.5645645645646                                 0.5356797076585572
154.85485485485486                                0.5356797076585572
155.14514514514514                                0.5356797076585572
155.43543543543544                                0.5076230255254356
155.72572572572574                                0.42817729423219913
156.01601601601604                                0.42817729423219913
156.3063063063063                                 0.42817729423219913
156.59659659659658                                0.39028966722493724
156.88688688688688                                0.35716075684316817
157.17717717717719                                0.31577784092565947
157.4674674674675                                 0.267974577802242
157.7577577577578                                 0.267974577802242
158.04804804804803                                0.267974577802242
158.33833833833833                                0.23196524487451628
158.62862862862863                                0.19337227692456102
158.91891891891893                                0.19337227692456097
159.20920920920923                                0.19337227692456097
159.4994994994995                                 0.1522425267829589
159.78978978978978                                0.116853963480085
160.08008008008008                                0.116853963480085
160.37037037037038                                0.116853963480085
160.66066066066068                                0.08255449497432293
160.95095095095095                                0.05453745183519824
161.24124124124123                                0.05453745183519824
161.53153153153153                                0.04099636713893615
161.82182182182183                                0.009446055202421564
162.11211211211213                                0.009446055202421564
162.4024024024024                                 0.021539494358298775
162.6926926926927                                 0.04849797753806333
162.98298298298297                                0.04849797753806333
163.27327327327328                                0.04849797753806333
163.56356356356358                                0.0695567532736249
163.85385385385388                                0.09471716316481779
164.14414414414415                                0.09471716316481779
164.43443443443442                                0.11639906611654592
164.72472472472472                                0.11639906611654592
165.01501501501502                                0.13754488756801891
165.30530530530532                                0.13754488756801891
165.5955955955956                                 0.15244724248910665
165.8858858858859                                 0.15244724248910665
166.17617617617617                                0.16461614383885945
166.46646646646647                                0.16461614383885945
166.75675675675677                                0.16043443557292086
167.04704704704704                                0.17027071043298064
167.33733733733735                                0.17027071043298064
167.62762762762765                                0.1572577625435418
167.91791791791792                                0.1572577625435418
168.20820820820822                                0.15725776254354182
168.4984984984985                                 0.12222389059566792
168.7887887887888                                 0.12222389059566792
169.0790790790791                                 0.12222389059566792
169.36936936936937                                0.03262831432617861
169.65965965965967                                0.03262831432617861
169.94994994994994                                0.03262831432617861
170.24024024024024                                0.08539726421874662
170.53053053053054                                0.0985614420024757
170.82082082082084                                0.22494512753913742
171.11111111111111                                0.34503140498374624
171.4014014014014                                 0.34503140498374624
171.6916916916917                                 0.4848124841830682
171.981981981982                                  0.5926962543173931
172.2722722722723                                 0.6944676220464557
172.5625625625626                                 0.6944676220464557
172.85285285285286                                0.8024806769084598
173.14314314314313                                0.9064681462849277
173.43343343343344                                0.9350581022414202
173.72372372372374                                1.005847258987242
174.01401401401404                                1.0690785559196025
174.3043043043043                                 1.130446643261835
174.59459459459458                                1.1866869039794732
174.88488488488488                                1.19646884670839
175.17517517517518                                1.2581432847897946
175.46546546546548                                1.3004794512549083
175.75575575575579                                1.3733657115579587
176.04604604604603                                1.386868838818697
176.33633633633633                                1.4480035621232235
176.62662662662663                                1.5100228287308077
176.91691691691693                                1.5100228287308077
177.20720720720723                                1.5867868391126159
177.49749749749748                                1.6451643883307823
177.78778778778778                                1.7134289199670214
178.07807807807808                                1.7654214035719138
178.36836836836838                                1.8215109177346969
178.65865865865868                                1.8484823059209388
178.94894894894895                                1.9332297325815844
179.23923923923923                                2.009837349704313
179.52952952952953                                2.075680815163767
179.81981981981983                                2.147363102473042
180.11011011011013                                2.22485047145308
180.4004004004004                                 2.3102617823519704
180.6906906906907                                 2.3948386347566166
180.98098098098097                                2.4766637664253706
181.27127127127127                                2.5759778147892716
181.56156156156158                                2.685678961389613
181.85185185185188                                2.789550980692907
182.14214214214215                                2.8957666786243332
182.43243243243242                                3.0261961071028805
182.72272272272272                                3.13612553094654
183.01301301301302                                3.2988104649901064
183.30330330330332                                3.383992608293608
183.5935935935936                                 3.6012397499993245
183.8838838838839                                 3.7628705803877036
184.17417417417417                                3.962429086591005
184.46446446446447                                4.141723849437617
184.75475475475477                                4.36775649338423
185.04504504504504                                4.603899242304741
185.33533533533534                                4.865139883628383
185.62562562562564                                5.138420473025216
185.91591591591592                                5.386688136154856
186.20620620620622                                5.758297530132994
186.4964964964965                                 6.108829955620289
186.7867867867868                                 6.5176440324560465
187.0770770770771                                 6.942049208238415
187.36736736736736                                7.361200935907326
187.65765765765767                                7.807076142059209
187.94794794794794                                8.266113979380535
188.23823823823824                                8.737937222757965
188.52852852852854                                9.196501340396836
188.81881881881884                                9.613346050580942
189.1091091091091                                 9.99172327550679
189.3993993993994                                 10.282872230829536
189.6896896896897                                 10.490092347576274
189.97997997998                                   10.575797627410301
190.2702702702703                                 10.560345764500788
190.5605605605606                                 10.435924540481814
190.85085085085086                                10.231959548941914
191.14114114114113                                9.977404571829126
191.43143143143143                                9.633027754017974
191.72172172172174                                9.281570784734441
192.01201201201204                                8.955695904265447
192.3023023023023                                 8.58488579687289
192.59259259259258                                8.194511266639285
192.88288288288288                                7.879128899944973
193.17317317317318                                7.569777984154548
193.46346346346348                                7.269060564118641
193.75375375375378                                6.966673023927149
194.04404404404403                                6.6735329465576205
194.33433433433433                                6.463627433010242
194.62462462462463                                6.211663532802771
194.91491491491493                                6.018132085211438
195.20520520520523                                5.823649122852727
195.49549549549548                                5.674376646619471
195.78578578578578                                5.487517809442886
196.07607607607608                                5.347801179996277
196.36636636636638                                5.222805243078436
196.65665665665668                                5.054435879204169
196.94694694694695                                4.954507689231457
197.23723723723722                                4.8118547922237145
197.52752752752752                                4.690437023356268
197.81781781781783                                4.606231526104112
198.10810810810813                                4.505122434720891
198.39839839839843                                4.419692352967447
198.6886886886887                                 4.357561947801201
198.97897897897897                                4.266806746261792
199.26926926926927                                4.201888841211967
199.55955955955957                                4.132138062975115
199.84984984984987                                4.067486959286624
200.14014014014015                                4.0300138074661485
200.43043043043042                                3.9701722567724542
200.72072072072072                                3.9296158236399554
201.01101101101102                                3.878139860560026
201.30130130130132                                3.84640627726551
201.5915915915916                                 3.809855966097406
201.8818818818819                                 3.775372407380359
202.17217217217217                                3.739561237173831
202.46246246246247                                3.705381890620729
202.75275275275277                                3.686138710861923
203.04304304304304                                3.656189229431122
203.33333333333334                                3.63728339591891
203.62362362362364                                3.618959645680361
203.91391391391392                                3.603780846760696
204.20420420420422                                3.5924898392636706
204.4944944944945                                 3.5827265780176716
204.7847847847848                                 3.5749715448442325
205.0750750750751                                 3.562806826554014
205.36536536536536                                3.561491989874722
205.65565565565566                                3.5530319468371006
205.94594594594594                                3.534614073254068
206.23623623623624                                3.511533299425716
206.52652652652654                                3.462479767013907
206.81681681681684                                3.3551149338249897
207.1071071071071                                 2.6459653895012654
207.3973973973974                                 3.8563167143839365
207.68768768768768                                4.003973253075439
207.977977977978                                  3.9908199172070233
208.2682682682683                                 4.0258886878114915
208.5585585585586                                 4.119177228247968
208.84884884884886                                4.2500523753453745
209.13913913913913                                4.4309604082412495
209.42942942942943                                4.9686391424675165
209.71971971971973                                7.069277827425654
210.01001001001003                                1.0392180505611774
210.3003003003003                                 2.042015302949287
210.59059059059058                                2.6736609856622926
210.88088088088088                                2.476207135533784
211.17117117117118                                3.663048147674818
211.46146146146148                                3.770062689056054
211.75175175175178                                3.894481416342934
212.04204204204203                                4.003947724127144
212.33233233233233                                4.172630168621202
212.62262262262263                                4.3953893617966076
212.91291291291293                                4.9651584965427435
213.20320320320323                                5.315785643451012
213.49349349349347                                3.2327591718607516
213.78378378378378                                2.929860737884736
214.07407407407408                                3.727935928353421
214.36436436436438                                4.335177702190144
214.65465465465468                                5.182657915955715
214.94494494494495                                6.982285931190707
215.23523523523522                                1.3393283640817268
215.52552552552552                                0.8819255429006255
215.81581581581582                                1.6410255819309099
216.10610610610613                                1.9110328487142394
216.39639639639643                                1.998047149696746
216.6866866866867                                 1.9761258483146333
216.97697697697697                                1.864799854509963
217.26726726726727                                1.6514564640525289
217.55755755755757                                1.3607432868541873
217.84784784784787                                1.0939842673259088
218.13813813813815                                0.5771228072162001
218.42842842842842                                0.12833178456350994
218.71871871871872                                0.5209502101196581
219.00900900900902                                1.2052146955689236
219.29929929929932                                1.8476145784668119
219.5895895895896                                 2.432281602412248
219.8798798798799                                 2.8798630260194713
220.17017017017017                                3.2754458171249587
220.46046046046047                                3.593966290875837
220.75075075075077                                3.8407051696293455
221.04104104104104                                3.8874350687252273
221.33133133133134                                3.88153400096475
221.62162162162164                                3.8709491153788074
221.91191191191191                                3.7955926220729608
222.20220220220222                                3.714603198106854
222.4924924924925                                 3.603176209805511
222.7827827827828                                 3.462580581382578
223.0730730730731                                 3.361146630203193
223.36336336336336                                3.2177472467733716
223.65365365365366                                3.1507167889171908
223.94394394394394                                3.001088919785626
224.23423423423424                                2.9254895936642624
224.52452452452454                                2.7918072051159015
224.81481481481484                                2.6829762326767845
225.1051051051051                                 2.6784878238673615
225.3953953953954                                 2.539194655243137
225.68568568568568                                2.4314858637621315
225.97597597597598                                2.339829306164541
226.26626626626629                                2.265663895672068
226.5565565565566                                 2.166783863976092
226.84684684684686                                2.1045728447259893
227.13713713713713                                2.023673598844511
227.42742742742743                                1.9955769002387411
227.71771771771773                                1.9055349338350762
228.00800800800803                                1.8557479491481133
228.2982982982983                                 1.7992240472485037
228.58858858858858                                1.7348831878786344
228.87887887887888                                1.6804871630988658
229.16916916916918                                1.6385864803222423
229.45945945945948                                1.565196799377021
229.74974974974978                                1.5265801550743472
230.04004004004003                                1.4790000286062466
230.33033033033033                                1.4421473729837941
230.62062062062063                                1.3915197072587606
230.91091091091093                                1.3419148444242874
231.20120120120123                                1.2947585312033973
231.49149149149147                                1.2319822042849113
231.78178178178177                                1.1994858356324811
232.07207207207207                                1.1425191815952214
232.36236236236238                                1.096858977480132
232.65265265265268                                1.0536949274898582
232.94294294294298                                1.0001622992314096
233.23323323323322                                0.9735578766141809
233.52352352352352                                0.9089722162107814
233.81381381381382                                0.8949233772456228
234.10410410410412                                0.8059297677156592
234.39439439439442                                0.7199492005789099
234.6846846846847                                 0.6958315054494753
234.97497497497497                                0.5483224676213219
235.26526526526527                                0.5116739208188773
235.55555555555557                                0.3545101738039853
235.84584584584587                                0.3402706711218045
236.13613613613614                                0.2056440891369229
236.42642642642642                                0.13001556219497118
236.71671671671672                                0.0937885442908916
237.00700700700702                                0.145635590479548
237.29729729729732                                0.23722371575845258
237.5875875875876                                 0.3057630008492478
237.8778778778779                                 0.34846110699245825
238.16816816816817                                0.34846110699245825
238.45845845845847                                0.3407708426991433
238.74874874874877                                0.31624724174340235
239.03903903903904                                0.29835249583127676
239.32932932932934                                0.2147690938912092
239.61961961961964                                0.10282935194573546
239.9099099099099                                 0.1583523441472927
240.20020020020021                                0.8075723695893683
240.4904904904905                                 1.3931357959480921
240.7807807807808                                 0.9750622253408212
241.0710710710711                                 0.6848177343118667
241.36136136136136                                0.5622921692804316
241.65165165165166                                0.40390298252551027
241.94194194194196                                0.34420728105901777
242.23223223223223                                0.2537181286652679
242.52252252252254                                0.16234446686355372
242.81281281281284                                0.15078313118149242
243.1031031031031                                 0.15393178505758612
243.3933933933934                                 0.07711828816780078
243.68368368368368                                0.03213646602126199
243.97397397397398                                0.05809539699858839
244.26426426426428                                0.08328578040691795
244.55455455455456                                0.13486846475594708
244.84484484484486                                0.19030793228441326
245.13513513513513                                0.19030793228441326
245.42542542542543                                0.24429069158179378
245.71571571571573                                0.2514025447150909
246.00600600600603                                0.2809436158491099
246.2962962962963                                 0.33219667232063577
246.58658658658658                                0.3321966723206357
246.87687687687688                                0.33784751398598173
247.16716716716718                                0.3507369821976031
247.45745745745748                                0.38039912708324874
247.74774774774778                                0.38391771950784925
248.03803803803802                                0.4087905648385277
248.32832832832833                                0.410741639971773
248.61861861861863                                0.4344027517998353
248.90890890890893                                0.4344027517998353
249.19919919919923                                0.4403090582984637
249.48948948948947                                0.45076131148882614
249.77977977977977                                0.46587797622295757
250.07007007007007                                0.47035748276154443
250.36036036036037                                0.47708594892297995
250.65065065065068                                0.4843358776006236
250.94094094094098                                0.4929718070893334
251.23123123123122                                0.4949869381187588
251.52152152152152                                0.5071043194758198
251.81181181181182                                0.5071043194758198
252.10210210210212                                0.5098518782166045
252.39239239239242                                0.5175730806133183
252.68268268268267                                0.5259709382067321
252.97297297297297                                0.5259709382067321
253.26326326326327                                0.5314613798114198
253.55355355355357                                0.5377217340358669
253.84384384384387                                0.5426740000487688
254.13413413413414                                0.5474211070861655
254.42442442442442                                0.5588606716103468
254.71471471471472                                0.5588606716103468
255.00500500500502                                0.5588606716103468
255.29529529529532                                0.5688663928543436
255.5855855855856                                 0.5786736266020045
255.8758758758759                                 0.5786736266020045
256.1661661661662                                 0.5860958483603644
256.45645645645646                                0.6007945667115844
256.7467467467468                                 0.6007945667115844
257.037037037037                                  0.6007945667115844
257.32732732732734                                0.6117835657875117
257.6176176176176                                 0.6187860773148421
257.90790790790794                                0.6281616743378293
258.1981981981982                                 0.6364888859835245
258.4884884884885                                 0.6491333779418073
258.77877877877876                                0.6491333779418073
259.0690690690691                                 0.6572169084421434
259.35935935935936                                0.6673717309262167
259.6496496496497                                 0.6784822640507627
259.93993993993996                                0.6830379469169552
260.23023023023023                                0.6873745022235453
260.5205205205205                                 0.7088764384908325
260.81081081081084                                0.7251767764506295
261.1011011011011                                 0.7251767764506295
261.39139139139144                                0.7378441229602846
261.68168168168165                                0.7648126068961832
261.971971971972                                  0.7648126068961832
262.26226226226225                                0.7859658039189411
262.5525525525526                                 0.8052244899223047
262.84284284284286                                0.8211106060856673
263.13313313313313                                0.8249651104940825
263.4234234234234                                 0.8550106169533788
263.71371371371373                                0.8747464460898275
264.004004004004                                  0.9059340626823731
264.29429429429433                                0.9300964646197454
264.5845845845846                                 0.9385568962481282
264.8748748748749                                 0.9800842924954967
265.16516516516515                                0.9505673572988252
265.4554554554555                                 0.9884056225763292
265.74574574574575                                1.0468679212570269
266.036036036036                                  1.084975949121101
266.32632632632635                                1.1290061317513047
266.6166166166166                                 1.1890782955329273
266.9069069069069                                 1.2581282086888208
267.1971971971972                                 1.2716999166255591
267.4874874874875                                 1.3559449418870928
267.77777777777777                                1.4244595700035927
268.0680680680681                                 1.506219532856421
268.3583583583584                                 1.6036279562116806
268.64864864864865                                1.7166365654538973
268.938938938939                                  1.9004946434889254
269.2292292292292                                 1.5923144497741277
269.5195195195196                                 2.1213065286381187
269.8098098098098                                 2.5521364627836873
270.1001001001001                                 3.139393918929612
270.3903903903904                                 4.067965352999119
270.68068068068067                                5.9893641566258875
270.970970970971                                  5.172142514725581
271.26126126126127                                2.1450940590609817
271.55155155155154                                0.7893334419458743
271.84184184184187                                0.05347537570148062
272.13213213213214                                0.38563572909049765
272.4224224224224                                 0.7708023761677788
272.71271271271274                                1.0088525198236151
273.003003003003                                  1.2533760793878523
273.29329329329335                                1.4263728770716144
273.58358358358356                                1.6230358339509707
273.8738738738739                                 1.7710127549153958
274.16416416416416                                1.9339808907401717
274.4544544544545                                 2.076946597842314
274.74474474474476                                2.18741301391562
275.035035035035                                  2.258267903546416
275.32532532532537                                2.312449050846827
275.6156156156156                                 2.3609679470478317
275.90590590590597                                2.3271076453274566
276.1961961961962                                 2.2724061144933336
276.48648648648646                                2.1733636116495085
276.7767767767768                                 2.0822840763870953
277.06706706706706                                1.9853485380782852
277.3573573573574                                 1.8863385794862788
277.64764764764766                                1.7499946979998628
277.937937937938                                  1.7093219098115386
278.2282282282282                                 1.5509969704724722
278.51851851851853                                1.456378667832033
278.8088088088088                                 1.3709369198360135
279.0990990990991                                 1.2511285127603045
279.3893893893894                                 1.1633042706668721
279.6796796796797                                 1.0907884796830842
279.96996996996995                                1.0520454553705965
280.2602602602603                                 0.9453900702411877
280.55055055055055                                0.8947354845995243
280.8408408408409                                 0.8006321480802909
281.13113113113116                                0.70812109870377
281.4214214214214                                 0.6763357967022433
281.71171171171176                                0.5933560331126624
282.002002002002                                  0.5186117641282603
282.2922922922923                                 0.44516222490386603
282.5825825825826                                 0.3732016702058641
282.8728728728729                                 0.3343745173280895
283.1631631631632                                 0.22602989985236313
283.45345345345345                                0.16491714613954028
283.7437437437438                                 0.07778251944439663
284.03403403403405                                0.021734684303472605
284.3243243243244                                 0.13024187763440445
284.61461461461465                                0.2409925183793338
284.90490490490487                                0.17546919469109637
285.1951951951952                                 0.32797560624421324
285.48548548548547                                0.4873287053528194
285.7757757757758                                 0.7055175391963231
286.06606606606607                                0.9815653140823755
286.35635635635634                                1.2274990572453015
286.6466466466467                                 1.548375501732748
286.93693693693695                                1.9257550422612888
287.2272272272273                                 2.409574247593264
287.51751751751755                                2.584886580039911
287.80780780780776                                2.7066007604235334
288.0980980980981                                 2.3371945408082984
288.38838838838836                                1.934253478681352
288.6786786786787                                 1.511110882628747
288.96896896896897                                1.2427676955679707
289.2592592592593                                 0.8628045087251088
289.54954954954957                                0.5681684702835214
289.83983983983984                                0.30291299577022024
290.13013013013017                                0.05172208256917538
290.42042042042044                                0.22273803740268616
290.71071071071077                                0.4789622934658808
291.001001001001                                  0.7839745296808842
291.29129129129126                                1.1244363381908957
291.5815815815816                                 1.5608412347197267
291.87187187187186                                2.090256103298743
292.1621621621622                                 2.9482933988759368
292.45245245245246                                4.907973824365428
292.7427427427428                                 4.767717949364935
293.03303303303306                                22.68018837997135
293.32332332332334                                8.903262062330846
293.61361361361367                                2.6533631425288164
293.9039039039039                                 1.291913562524659
294.1941941941942                                 0.7395245099421893
294.4844844844845                                 0.5338938393149583
294.77477477477476                                0.55496318641175
295.0650650650651                                 0.7192612652878054
295.35535535535536                                0.9907623177693023
295.6456456456457                                 1.3655008140752225
295.93593593593596                                1.8056904560264835
296.22622622622623                                2.2883343303672468
296.51651651651656                                4.175991821890845
296.8068068068068                                 2.7624741608435457
297.0970970970971                                 3.124391607038384
297.3873873873874                                 3.494923113271619
297.67767767767765                                3.7664714364059604
297.967967967968                                  4.0341155718417046
298.25825825825825                                4.312054884848331
298.5485485485486                                 4.312824570072448
298.83883883883885                                4.595245264495244
299.1291291291292                                 4.860905079771866
299.41941941941946                                5.139069111060222
299.7097097097097                                 5.224139208915788
300                                               5.82917115097549
