% Model:              empty_box_fullwave_3.1.21.mph
% Version:            COMSOL 5.4.0.388
% Date:               Mar 6 2021, 16:58
% Table:              Table 6 - Ex center (abs(emw.Ex))
% freq (MHz)                                      abs(emw.Ex) (V/m), Point: (-0.04412, 0, 0.03)
10                                                1.0269323003883595
10.29029029029029                                 1.0269323003883595
10.58058058058058                                 1.0269323003883595
10.87087087087087                                 1.0324426807000866
11.16116116116116                                 1.0324426807000866
11.451451451451451                                1.0324426807000866
11.741741741741743                                1.0324426807000866
12.032032032032031                                1.0394814698130996
12.322322322322321                                1.0394814698130996
12.612612612612612                                1.0394814698130996
12.902902902902902                                1.0394814698130996
13.193193193193192                                1.0477340846970125
13.483483483483484                                1.0477340846970125
13.773773773773774                                1.0477340846970125
14.064064064064064                                1.0477340846970125
14.354354354354355                                1.0568875445494585
14.644644644644643                                1.0568875445494585
14.934934934934935                                1.0568875445494585
15.225225225225225                                1.0644071705023337
15.515515515515515                                1.0644071705023337
15.805805805805806                                1.0644071705023337
16.096096096096097                                1.0722851651309622
16.386386386386388                                1.0722851651309622
16.676676676676678                                1.0722851651309622
16.966966966966968                                1.0807818211756874
17.257257257257255                                1.0807818211756874
17.54754754754755                                 1.0807818211756874
17.837837837837835                                1.0898555622091977
18.12812812812813                                 1.0898555622091977
18.41841841841842                                 1.0898555622091977
18.70870870870871                                 1.099508382464207
18.998998998999                                   1.099508382464207
19.289289289289286                                1.099508382464207
19.57957957957958                                 1.1097611848922793
19.869869869869873                                1.1097611848922793
20.16016016016016                                 1.1097611848922793
20.45045045045045                                 1.1206374082382782
20.74074074074074                                 1.1206374082382782
21.03103103103103                                 1.1206374082382782
21.32132132132132                                 1.1321618020708752
21.61161161161161                                 1.132161802070875
21.9019019019019                                  1.132161802070875
22.19219219219219                                 1.1443610119462881
22.482482482482485                                1.144361011946288
22.772772772772772                                1.1443610119462881
23.063063063063062                                1.1572638438544611
23.353353353353356                                1.1572638438544611
23.643643643643646                                1.1664159739131217
23.933933933933936                                1.1664159739131217
24.224224224224223                                1.1664159739131215
24.514514514514513                                1.1802151972903814
24.804804804804803                                1.1802151972903816
25.095095095095097                                1.1904053131771453
25.385385385385387                                1.190405313177145
25.675675675675674                                1.2004564373919002
25.965965965965967                                1.2004564373919002
26.256256256256258                                1.211020762764045
26.546546546546548                                1.211020762764045
26.836836836836834                                1.2220137612191126
27.127127127127128                                1.2220137612191126
27.41741741741742                                 1.2334070845150984
27.70770770770771                                 1.2334070845150984
27.997997997998                                   1.2452130280653968
28.28828828828829                                 1.245213028065397
28.57857857857858                                 1.2574478259222932
28.868868868868866                                1.2574478259222932
29.15915915915916                                 1.2701271837290158
29.44944944944945                                 1.2701271837290158
29.73973973973974                                 1.283267354603728
30.03003003003003                                 1.283267354603728
30.32032032032032                                 1.296885539581261
30.61061061061061                                 1.296885539581261
30.900900900900904                                1.3109999456524368
31.19119119119119                                 1.3109999456524368
31.481481481481485                                1.325629834447642
31.77177177177177                                 1.325629834447642
32.06206206206206                                 1.340795591840283
32.352352352352355                                1.340795591840283
32.64264264264264                                 1.3565188067887315
32.932932932932935                                1.3565188067887315
33.22322322322322                                 1.3728223566987026
33.513513513513516                                1.3728223566987026
33.8038038038038                                  1.3897305000608966
34.094094094094096                                1.3897305000608966
34.38438438438438                                 1.407268977311005
34.67467467467468                                 1.407268977311005
34.96496496496497                                 1.4254651207901379
35.25525525525525                                 1.4254651207901379
35.545545545545544                                1.4443479747533747
35.83583583583584                                 1.4443479747533747
36.126126126126124                                1.4639484264998757
36.41641641641642                                 1.4639484264998757
36.70670670670671                                 1.4842993498658879
36.996996996997                                   1.4842993498658879
37.28728728728729                                 1.5054357624204362
37.57757757757757                                 1.5054357624204362
37.86786786786787                                 1.527394997934398
38.15815815815816                                 1.527394997934398
38.448448448448445                                1.5502168958535676
38.738738738738746                                1.5502168958535676
39.029029029029026                                1.573944009788485
39.31931931931932                                 1.5739440097884851
39.609609609609606                                1.5986218372311851
39.8998998998999                                  1.5986218372311851
40.190190190190194                                1.6242990730977989
40.48048048048048                                 1.6382881927947646
40.770770770770774                                1.6382881927947646
41.06106106106106                                 1.663838936874051
41.35135135135135                                 1.6794487097916329
41.64164164164165                                 1.6794487097916329
41.931931931931935                                1.706867673012126
42.22222222222222                                 1.723511652343831
42.512512512512515                                1.723511652343831
42.8028028028028                                  1.7525977968562088
43.093093093093096                                1.7704018496912144
43.38338338338338                                 1.7704018496912144
43.673673673673676                                1.8013296127811316
43.96396396396397                                 1.8204059009454105
44.254254254254256                                1.8204059009454105
44.54454454454454                                 1.8533253912243361
44.83483483483484                                 1.8738010296944831
45.12512512512512                                 1.891281497039311
45.41541541541542                                 1.9099087479230425
45.70570570570571                                 1.9293636762195667
45.995995995996                                   1.9492685632299778
46.286286286286284                                1.9695991995017719
46.57657657657658                                 1.9904006056113652
46.86686686686687                                 2.0116976775870126
47.15715715715716                                 2.0335052982830732
47.447447447447445                                2.055839105262887
47.73773773773774                                 2.0787165871877327
48.02802802802803                                 2.102156240285363
48.31831831831832                                 2.1261773282562073
48.608608608608606                                2.150799966907854
48.8988988988989                                  2.176045213891806
49.18918918918919                                 2.2019351278690706
49.47947947947948                                 2.22849282437943
49.76976976976977                                 2.2557425383276937
50.06006006006006                                 2.283709692440196
50.35035035035035                                 2.3124209708016457
50.64064064064064                                 2.341904397735415
50.930930930930934                                2.3721894226292726
51.22122122122122                                 2.4033070113006376
51.51151151151151                                 2.43528974447596
51.80180180180181                                 2.4681719240456914
52.092092092092095                                2.50198968780668
52.38238238238238                                 2.5367811334931454
52.67267267267267                                 2.572586452989901
52.96296296296297                                 2.6094480777170674
53.253253253253256                                2.647410836277904
53.54354354354354                                 2.6865221255883167
53.833833833833836                                2.7268320968608557
54.12412412412412                                 2.7683938579606093
54.414414414414416                                2.811263693826597
54.70470470470471                                 2.855501306891254
54.994994994995                                   2.9011700796060382
55.28528528528528                                 2.948337361486609
55.57557557557558                                 2.9970747833970464
55.86586586586587                                 3.047458602126357
56.15615615615616                                 3.0995700786780747
56.446446446446444                                3.153495894194521
56.73673673673674                                 3.2093286079341774
57.02702702702703                                 3.2671671623227403
57.31731731731732                                 3.3248046945100236
57.607607607607605                                3.3756907179953264
57.8978978978979                                  3.451177744418411
58.18818818818819                                 3.5052805491668906
58.47847847847848                                 3.5875275414458994
58.76876876876877                                 3.6599572777221705
59.05905905905906                                 3.7350758962034587
59.34934934934935                                 3.8133444305271547
59.63963963963964                                 3.89490521244008
59.92992992992993                                 3.979961743063666
60.22022022022022                                 4.068737437054572
60.51051051051051                                 4.161475102978482
60.80080080080081                                 4.258439108996258
61.091091091091094                                4.359917834264395
61.38138138138138                                 4.466226456348228
61.67167167167167                                 4.577710136166548
61.96196196196197                                 4.694747668239665
62.252252252252255                                4.817755677585337
62.54254254254254                                 4.947193461434082
62.832832832832835                                5.083568595191255
63.12312312312312                                 5.227443450266032
63.413413413413416                                5.379442817657231
63.70370370370371                                 5.5402630030032585
63.993993993993996                                5.710572364192575
64.28428428428428                                 5.8916537323736575
64.57457457457458                                 6.083910078123353
64.86486486486487                                 6.288799034442791
65.15515515515516                                 6.507505628390021
65.44544544544544                                 6.741449370465047
65.73573573573574                                 6.992260140178618
66.02602602602603                                 7.261808307819472
66.31631631631632                                 7.552250973817619
66.6066066066066                                  7.866089150654461
66.89689689689689                                 8.206239092022145
67.18718718718719                                 8.576122120342465
67.47747747747749                                 8.97977879839201
67.76776776776777                                 9.422015492196689
68.05805805805805                                 9.908594556604433
68.34834834834835                                 10.446484044224688
68.63863863863864                                 11.044189802981965
68.92892892892894                                 11.712203405427273
69.21921921921923                                 12.468974970978168
69.5095095095095                                  13.3218900555917
69.7997997997998                                  14.296572374921402
70.09009009009009                                 15.421037634737445
70.38038038038039                                 16.732544295133874
70.67067067067067                                 18.281842312809214
70.96096096096096                                 20.13986418045813
71.25125125125125                                 22.408863582510747
71.54154154154155                                 25.24184425984938
71.83183183183183                                 28.878492512401472
72.12212212212212                                 33.716650754120366
72.41241241241242                                 40.461926472923366
72.7027027027027                                  50.53958228308298
72.992992992993                                   67.20715521259739
73.2832832832833                                  100.06161116516827
73.57357357357358                                 195.03409869602024
73.86386386386387                                 3507.855842126983
74.15415415415414                                 220.4677285236657
74.44444444444444                                 107.14321768969783
74.73473473473474                                 70.8753005560163
75.02502502502503                                 53.01764790882979
75.31531531531532                                 42.393290829352836
75.6056056056056                                  35.34568871144043
75.89589589589589                                 30.347909931662873
76.18618618618619                                 26.581227834665366
76.47647647647649                                 23.668521974127152
76.76676676676676                                 21.342702711475543
77.05705705705705                                 19.442771503330892
77.34734734734735                                 17.86176340554327
77.63763763763764                                 16.525753511905812
77.92792792792794                                 15.38202345541632
78.21821821821821                                 14.391963087472913
78.50850850850851                                 13.526757862883542
78.7987987987988                                  12.76401217204195
79.08908908908909                                 12.086899333893735
79.37937937937939                                 11.492746720405943
79.66966966966967                                 10.935482265371126
79.95995995995996                                 10.443343752134911
80.25025025025025                                 9.997607491558655
80.54054054054055                                 9.590913590775491
80.83083083083083                                 9.218524833787054
81.12112112112112                                 8.876353872183739
81.41141141141142                                 8.560914737672153
81.7017017017017                                  8.269238786778693
81.991991991992                                   7.99878205728523
82.2822822822823                                  7.747351699436207
82.57257257257257                                 7.513047476469161
82.86286286286287                                 7.294214584676031
83.15315315315316                                 7.089405306881824
83.44344344344344                                 6.897347632992358
83.73373373373374                                 6.71691941567673
84.02402402402402                                 6.547126955405386
84.31431431431432                                 6.387087154373623
84.60460460460462                                 6.236012564578956
84.89489489489489                                 6.093198797181909
85.18518518518519                                 5.95801386949755
85.47547547547548                                 5.8298891506666735
85.76576576576576                                 5.708311633163343
86.05605605605606                                 5.592817309407592
86.34634634634635                                 5.482985474078029
86.63663663663664                                 5.378433806133147
86.92692692692694                                 5.278814112716928
87.21721721721721                                 5.183808645017601
87.50750750750751                                 5.093126940524776
87.7977977977978                                  5.0065032995038035
88.08808808808809                                 4.92369605394701
88.37837837837839                                 4.844505580156048
88.66866866866867                                 4.774231617864085
88.95895895895896                                 4.6970524455924245
89.24924924924925                                 4.626274523519256
89.53953953953955                                 4.559531689592353
89.82982982982983                                 4.495444273201678
90.12012012012012                                 4.433911024174067
90.41041041041042                                 4.388584291374137
90.7007007007007                                  4.318067193566406
90.990990990991                                   4.275558045794516
91.2812812812813                                  4.21091939161948
91.57157157157157                                 4.171077136606041
91.86186186186187                                 4.111760125175642
92.15215215215215                                 4.074389879996181
92.44244244244244                                 4.019856925836717
92.73273273273274                                 3.9847976660871374
93.02302302302301                                 3.934585553411718
93.31331331331332                                 3.9016916608388583
93.60360360360362                                 3.855397461054096
93.89389389389389                                 3.8245368658315275
94.18418418418419                                 3.781808822515729
94.47447447447448                                 3.7528615854170475
94.76476476476476                                 3.7171982829173156
95.05505505505506                                 3.6822830977711525
95.34534534534535                                 3.6502488387239413
95.63563563563564                                 3.620237345975454
95.92592592592594                                 3.5913003323162553
96.21621621621621                                 3.5632541013948535
96.50650650650651                                 3.536165117964777
96.7967967967968                                  3.510059184582774
97.08708708708708                                 3.4849074667870443
97.37737737737739                                 3.4606717860645775
97.66766766766767                                 3.4373213187090514
97.95795795795796                                 3.414830323047209
98.24824824824825                                 3.393174681485154
98.53853853853855                                 3.3723311289992917
98.82882882882883                                 3.352277490525577
99.11911911911912                                 3.3329928133534263
99.40940940940942                                 3.3144573194438975
99.6996996996997                                  3.2966523239167804
99.98998998999                                    3.279560173809481
100.2802802802803                                 3.2631642015596887
100.57057057057057                                3.2474486843740396
100.86086086086087                                3.2323988095635485
101.15115115115115                                3.2180006525953715
101.44144144144144                                3.204241189365293
101.73173173173174                                3.1911084377293197
102.02202202202201                                3.17859242601016
102.31231231231232                                3.1667130880623167
102.60260260260262                                3.155354002632317
102.89289289289289                                3.1445924958539253
103.18318318318319                                3.134429595091186
103.47347347347348                                3.124836421329344
103.76376376376376                                3.1157992583698926
104.05405405405406                                3.107312280755964
104.34434434434435                                3.099370430646178
104.63463463463464                                3.0919681562634227
104.92492492492494                                3.085100032168414
105.21521521521521                                3.0787611510862067
105.50550550550551                                3.072947106143351
105.7957957957958                                 3.067653736307584
106.08608608608608                                3.0628758929600868
106.37637637637638                                3.0586268994117702
106.66666666666667                                3.0549848439900265
106.95695695695696                                3.051694200345724
107.24724724724724                                3.0489185426793965
107.53753753753755                                3.0467057679546925
107.82782782782783                                3.0450068839957303
108.11811811811812                                3.043813717844605
108.40840840840842                                3.043130492975634
108.6986986986987                                 3.0429596141999005
108.988988988989                                  3.043302731760154
109.2792792792793                                 3.0441621670452093
109.56956956956957                                3.0455409019441975
109.85985985985987                                3.0474424363036983
110.15015015015015                                3.0498708066347486
110.44044044044044                                3.0528306265768546
110.73073073073074                                3.0563271017904907
111.02102102102101                                3.0603660405906443
111.31131131131131                                3.0649538719077856
111.60160160160162                                3.070097667707321
111.89189189189189                                3.075805166918586
112.18218218218219                                3.0820848015072886
112.47247247247248                                3.088945727014931
112.76276276276276                                3.096397861028454
113.05305305305306                                3.104451913100595
113.34334334334335                                3.113117592582643
113.63363363363364                                3.121502470061717
113.92392392392394                                3.1311041078669133
114.21421421421421                                3.1404309662039376
114.50450450450451                                3.1537071791993987
114.7947947947948                                 3.1632936016846056
115.08508508508508                                3.1781860753977305
115.37537537537538                                3.188762189232654
115.66566566566567                                3.2055465274381385
115.95595595595596                                3.2171377648556843
116.24624624624624                                3.235839864388547
116.53653653653654                                3.2523680324136146
116.82682682682683                                3.2695640470657508
117.11711711711712                                3.28763462822346
117.40740740740742                                3.3065911228743166
117.6976976976977                                 3.326462509092811
117.98798798798799                                3.34728140839168
118.27827827827828                                3.3690825364778525
118.56856856856857                                3.391902918546803
118.85885885885887                                3.4157820620750017
119.14914914914915                                3.440762140878524
119.43943943943944                                3.4668881930784257
119.72972972972974                                3.4942083323211195
120.02002002002001                                3.5227739693434175
120.31031031031031                                3.5526400362047994
120.60060060060061                                3.5838651948781814
120.89089089089089                                3.616511986436957
121.18118118118119                                3.6506468107491674
121.47147147147149                                3.686339432844647
121.76176176176176                                3.7236610542976525
122.05205205205206                                3.7626772436881217
122.34234234234233                                3.8034167564049626
122.63263263263264                                3.845682005153679
122.92292292292294                                3.893085163207939
123.21321321321321                                3.937939028968773
123.50350350350351                                3.988114931765923
123.7937937937938                                 4.039893997124781
124.08408408408408                                4.094111774922192
124.37437437437438                                4.151069152313982
124.66466466466467                                4.210935988483295
124.95495495495496                                4.273899660510925
125.24524524524524                                4.3401707929740745
125.53553553553554                                4.409981282811532
125.82582582582583                                4.483586748206482
126.11611611611612                                4.561269330784443
126.40640640640642                                4.6433409479118035
126.6966966966967                                 4.730146662237081
126.98698698698699                                4.822065058886957
127.27727727727728                                4.91946152282443
127.56756756756756                                5.02051129570316
127.85785785785787                                5.1326952531874275
128.14814814814815                                5.250590619986455
128.43843843843845                                5.375316480349269
128.72872872872873                                5.509065680343937
129.01901901901903                                5.652146879096883
129.3093093093093                                 5.806344139676065
129.5995995995996                                 5.970774784557994
129.8898898898899                                 6.149355050422122
130.18018018018017                                6.342121848739532
130.47047047047047                                6.554411381129596
130.76076076076077                                6.782034512733944
131.05105105105105                                7.030077101559714
131.34134134134135                                7.3013952086776035
131.63163163163165                                7.599157443297141
131.92192192192192                                7.935513474185279
132.21221221221222                                8.306204168527726
132.50250250250252                                8.718092997664494
132.7927927927928                                 9.182247653629565
133.0830830830831                                 9.71160682490774
133.3733733733734                                 10.312053822309114
133.66366366366367                                11.005604165000934
133.95395395395397                                11.814336378475254
134.24424424424424                                12.769286768615478
134.53453453453454                                13.9138143464508
134.82482482482484                                15.310304041356153
135.1151151151151                                 17.049043180200364
135.4054054054054                                 19.281942573212937
135.6956956956957                                 22.248129168946626
135.985985985986                                  26.378962302544007
136.2762762762763                                 32.52163991917976
136.5665665665666                                 42.634732489679685
136.85685685685687                                62.386365761920295
137.14714714714717                                118.14014715557379
137.43743743743744                                1320.4444919177624
137.72772772772774                                141.0517895369792
138.018018018018                                  66.28105715850424
138.30830830830828                                43.0407905619513
138.59859859859858                                31.722067627420447
138.88888888888889                                25.012562866821835
139.1791791791792                                 20.578936953082348
139.4694694694695                                 17.42208257999555
139.7597597597598                                 15.068472143208947
140.05005005005006                                13.24355783755558
140.34034034034033                                11.787049603704748
140.63063063063063                                10.597566188009466
140.92092092092093                                9.607822921925692
141.2112112112112                                 8.771421433834156
141.5015015015015                                 8.057217234719904
141.79179179179178                                7.43591761805848
142.08208208208208                                6.880692542967534
142.37237237237238                                6.420131037557367
142.66266266266268                                5.9872509367203035
142.95295295295298                                5.6112807404375875
143.24324324324323                                5.265531320918585
143.53353353353353                                4.955785110731067
143.82382382382383                                4.674034445697005
144.1141141141141                                 4.416667380416022
144.4044044044044                                 4.1806207494826015
144.6946946946947                                 3.9633064079953706
144.98498498498498                                3.7625394614350545
145.27527527527528                                3.5764817054912683
145.56556556556558                                3.4076656707167015
145.85585585585588                                3.241902201692033
146.14614614614615                                3.091650833896604
146.43643643643645                                2.951032574098669
146.72672672672672                                2.817621008337206
147.01701701701703                                2.692839227324309
147.30730730730733                                2.5751995419937512
147.5975975975976                                 2.4651577291053397
147.8878878878879                                 2.3595283811393526
148.17817817817817                                2.265088153515704
148.46846846846847                                2.163320167771926
148.75875875875877                                2.0731404851710646
149.04904904904905                                1.9876726029084857
149.33933933933935                                1.9056588364093427
149.62962962962965                                1.8272495684248191
149.91991991991992                                1.7521973621792675
150.21021021021022                                1.680254258820821
150.5005005005005                                 1.6112034739182166
150.7907907907908                                 1.544850302733439
151.0810810810811                                 1.4810272702865512
151.3713713713714                                 1.4196252123683377
151.66166166166167                                1.360781088841764
151.95195195195194                                1.3062084503642726
152.24224224224224                                1.2473524844229076
152.53253253253254                                1.1937772624984686
152.82282282282284                                1.1419125806277945
153.11311311311312                                1.0912699428210344
153.4034034034034                                 1.0427460949183782
153.6936936936937                                 0.994885307470803
153.983983983984                                  0.9485218919423668
154.2742742742743                                 0.9035058794092987
154.5645645645646                                 0.8597118878045856
154.85485485485486                                0.8175674012842213
155.14514514514514                                0.7747051006169597
155.43543543543544                                0.7337126443518854
155.72572572572574                                0.6941608837405281
156.01601601601604                                0.6561303734555561
156.3063063063063                                 0.6175646713427705
156.59659659659658                                0.5796991529792952
156.88688688688688                                0.5406837515434967
157.17717717717719                                0.5043765740357895
157.4674674674675                                 0.46826217642267576
157.7577577577578                                 0.4327885987553955
158.04804804804803                                0.39762602576091677
158.33833833833833                                0.3631105196531957
158.62862862862863                                0.3290527457309957
158.91891891891893                                0.2960885773414743
159.20920920920923                                0.26184472653897584
159.4994994994995                                 0.23075038082321064
159.78978978978978                                0.19575977566115318
160.08008008008008                                0.1655354392193956
160.37037037037038                                0.13081864816180544
160.66066066066068                                0.09884087378384934
160.95095095095095                                0.06686713608609751
161.24124124124123                                0.03533758146758542
161.53153153153153                                0.0030524455462366913
161.82182182182183                                0.025800162274351474
162.11211211211213                                0.06045399352596381
162.4024024024024                                 0.09172951021910211
162.6926926926927                                 0.12387398799747336
162.98298298298297                                0.1539761905473782
163.27327327327328                                0.1870180765549715
163.56356356356358                                0.21957455221304112
163.85385385385388                                0.25126487055806757
164.14414414414415                                0.28396668081024357
164.43443443443442                                0.31646927399309754
164.72472472472472                                0.3488098092509002
165.01501501501502                                0.3813587948917657
165.30530530530532                                0.41486006665267133
165.5955955955956                                 0.4488904532520335
165.8858858858859                                 0.4830724769165937
166.17617617617617                                0.5173038898469418
166.46646646646647                                0.5520373199272889
166.75675675675677                                0.587260504076394
167.04704704704704                                0.6230269127722867
167.33733733733735                                0.6594307523936306
167.62762762762765                                0.6962755332430314
167.91791791791792                                0.7326372757192146
168.20820820820822                                0.77104168704796
168.4984984984985                                 0.8040079327176526
168.7887887887888                                 0.8375696007377744
169.0790790790791                                 1.121149122251615
169.36936936936937                                0.9292670258481369
169.65965965965967                                0.9819835015253268
169.94994994994994                                1.0232803485750557
170.24024024024024                                1.0662923421924173
170.53053053053054                                1.1108470165556696
170.82082082082084                                1.1564205706702724
171.11111111111111                                1.2024156206565815
171.4014014014014                                 1.2521923168384026
171.6916916916917                                 1.3021341138874216
171.981981981982                                  1.3548463841467453
172.2722722722723                                 1.4077289991246833
172.5625625625626                                 1.4618419102983409
172.85285285285286                                1.5201311231907753
173.14314314314313                                1.5784882192154495
173.43343343343344                                1.638605301525162
173.72372372372374                                1.7019300490368023
174.01401401401404                                1.7653657495050965
174.3043043043043                                 1.8319144350675263
174.59459459459458                                1.9041809294982477
174.88488488488488                                1.977352104750033
175.17517517517518                                2.049913627862026
175.46546546546548                                2.1326096687152933
175.75575575575579                                2.2161174122653327
176.04604604604603                                2.3017347689420555
176.33633633633633                                2.3911398555429635
176.62662662662663                                2.4843959135207494
176.91691691691693                                2.5836667035114718
177.20720720720723                                2.6875056268812303
177.49749749749748                                2.795243045045256
177.78778778778778                                2.907949380389599
178.07807807807808                                3.028963003346354
178.36836836836838                                3.1541691129523843
178.65865865865868                                3.2920501809126104
178.94894894894895                                3.431299420381787
179.23923923923923                                3.5836458956722828
179.52952952952953                                3.746522491716902
179.81981981981983                                3.913779268661372
180.11011011011013                                4.094264400236479
180.4004004004004                                 4.2946232953570425
180.6906906906907                                 4.503024378838478
180.98098098098097                                4.725673723626012
181.27127127127127                                4.966231775130524
181.56156156156158                                5.227025284143145
181.85185185185188                                5.508308443533437
182.14214214214215                                5.810288661608079
182.43243243243242                                6.149010011613536
182.72272272272272                                6.517887240053085
183.01301301301302                                6.921700042300928
183.30330330330332                                7.366487706243053
183.5935935935936                                 7.860425629070323
183.8838838838839                                 8.411791261148036
184.17417417417417                                9.031090954032612
184.46446446446447                                9.73109925478001
184.75475475475477                                10.529877312133985
185.04504504504504                                11.448793172257794
185.33533533533534                                12.51678421590121
185.62562562562564                                13.772939735786101
185.91591591591592                                15.271291284294401
186.20620620620622                                17.088693256170018
186.4964964964965                                 19.3343936527864
186.7867867867868                                 22.18869202766709
187.0770770770771                                 25.930061405266272
187.36736736736736                                31.04567340568759
187.65765765765767                                38.448898250055876
187.94794794794794                                50.13474721791338
188.23823823823824                                71.3032508014525
188.52852852852854                                121.32472167422125
188.81881881881884                                384.7085792617027
189.1091091091091                                 343.89482128733846
189.3993993993994                                 120.78836108504846
189.6896896896897                                 73.96817992714901
189.97997997998                                   53.68519676883336
190.2702702702703                                 42.36529697738991
190.5605605605606                                 35.14772877748971
190.85085085085086                                30.145795251462424
191.14114114114113                                26.482082337462572
191.43143143143143                                23.68089303872571
191.72172172172174                                21.471277660278613
192.01201201201204                                19.68759145921199
192.3023023023023                                 18.21861695251167
192.59259259259258                                16.98799814347401
192.88288288288288                                15.944347975002895
193.17317317317318                                15.049982303852289
193.46346346346348                                14.276164420942363
193.75375375375378                                13.597950906540692
194.04404404404403                                13.001623779258034
194.33433433433433                                12.471649743920487
194.62462462462463                                12.0029352761105
194.91491491491493                                11.58431937250298
195.20520520520523                                11.207043180421906
195.49549549549548                                10.867268549317094
195.78578578578578                                10.563142418083064
196.07607607607608                                10.283965067118674
196.36636636636638                                10.03371710041338
196.65665665665668                                9.804404547809181
196.94694694694695                                9.59535901554754
197.23723723723722                                9.407361596172274
197.52752752752752                                9.23544395305547
197.81781781781783                                9.07982737985652
198.10810810810813                                8.939593721212775
198.39839839839843                                8.811790338944112
198.6886886886887                                 8.69568482419435
198.97897897897897                                8.591332302964195
199.26926926926927                                8.498717710200763
199.55955955955957                                8.4164469393672
199.84984984984987                                8.343311277025869
200.14014014014015                                8.28040198242263
200.43043043043042                                8.226696936383643
200.72072072072072                                8.181750964852162
201.01101101101102                                8.144081374348696
201.30130130130132                                8.113216878438894
201.5915915915916                                 8.091977328765768
201.8818818818819                                 8.079660207480563
202.17217217217217                                8.071346949314348
202.46246246246247                                8.075534811605252
202.75275275275277                                8.083111296257915
203.04304304304304                                8.101725054027686
203.33333333333334                                8.127591720533697
203.62362362362364                                8.163775824076698
203.91391391391392                                8.204918354157117
204.20420420420422                                8.260041843558247
204.4944944944945                                 8.32104935669168
204.7847847847848                                 8.393987380637448
205.0750750750751                                 8.476151961953903
205.36536536536536                                8.5697328414656
205.65565565565566                                8.674166814655747
205.94594594594594                                8.794287135374326
206.23623623623624                                8.921611741670047
206.52652652652654                                9.072698030542446
206.81681681681684                                9.236689980593093
207.1071071071071                                 9.422472064021516
207.3973973973974                                 9.62592989242547
207.68768768768768                                9.851812626993103
207.977977977978                                  10.100513373514282
208.2682682682683                                 10.385770864168439
208.5585585585586                                 10.704744076381894
208.84884884884886                                11.051612004929355
209.13913913913913                                11.458089126807007
209.42942942942943                                11.916325087449499
209.71971971971973                                12.443471371510931
210.01001001001003                                13.056523379733594
210.3003003003003                                 13.70844001156766
210.59059059059058                                14.55337205004168
210.88088088088088                                15.516727044675482
211.17117117117118                                16.68846018424058
211.46146146146148                                18.135026594503717
211.75175175175178                                19.950078094781418
212.04204204204203                                22.29858735415049
212.33233233233233                                25.468361815312047
212.62262262262263                                30.001185426995125
212.91291291291293                                37.28200450109778
213.20320320320323                                47.76338396273158
213.49349349349347                                73.42677635905164
213.78378378378378                                166.95436192737188
214.07407407407408                                454.5361310775605
214.36436436436438                                90.30452375088298
214.65465465465468                                48.15028132359121
214.94494494494495                                31.78062191452465
215.23523523523522                                23.027971566544426
215.52552552552552                                17.54466723868651
215.81581581581582                                13.759779628160867
216.10610610610613                                10.960111733345443
216.39639639639643                                8.782440188335702
216.6866866866867                                 7.013010767584813
216.97697697697697                                5.522042100272093
217.26726726726727                                4.223792391423782
217.55755755755757                                3.049650677473749
217.84784784784787                                1.962550433300545
218.13813813813815                                0.9151013352664645
218.42842842842842                                0.12119899642381109
218.71871871871872                                1.194131588953502
219.00900900900902                                2.3389889045594296
219.29929929929932                                3.6141516125777535
219.5895895895896                                 5.110306695117008
219.8798798798799                                 6.913205416649563
220.17017017017017                                9.265782241138503
220.46046046046047                                12.580098985723092
220.75075075075077                                17.7099326417869
221.04104104104104                                27.032099485169475
221.33133133133134                                50.06820390912827
221.62162162162164                                211.40143983109417
221.91191191191191                                108.7689437359068
222.20220220220222                                45.2015780773396
222.4924924924925                                 29.170159483094785
222.7827827827828                                 21.813207211720886
223.0730730730731                                 17.56615418294283
223.36336336336336                                14.77996012342517
223.65365365365366                                12.815204305560348
223.94394394394394                                11.331057623658996
224.23423423423424                                10.17917025803237
224.52452452452454                                9.240035295712673
224.81481481481484                                8.508767850398526
225.1051051051051                                 7.861031779168838
225.3953953953954                                 7.313651447247652
225.68568568568568                                6.846517571304927
225.97597597597598                                6.430408291717619
226.26626626626629                                6.067663673534448
226.5565565565566                                 5.742233786667186
226.84684684684686                                5.457777596570251
227.13713713713713                                5.189274658909703
227.42742742742743                                4.958380313709482
227.71771771771773                                4.747416411923125
228.00800800800803                                4.544090029887769
228.2982982982983                                 4.362894658269701
228.58858858858858                                4.190594705169372
228.87887887887888                                4.03530656307818
229.16916916916918                                3.891461738324687
229.45945945945948                                3.761565878046558
229.74974974974978                                3.637208038536537
230.04004004004003                                3.5142103381204217
230.33033033033033                                3.4051796012727866
230.62062062062063                                3.3020825457375733
230.91091091091093                                3.205616691777651
231.20120120120123                                3.1135158829907645
231.49149149149147                                3.0286664065256703
231.78178178178177                                2.9503684297705566
232.07207207207207                                2.8762249111589786
232.36236236236238                                2.804591779243612
232.65265265265268                                2.7348912247574346
232.94294294294298                                2.6703046057158626
233.23323323323322                                2.606782393104308
233.52352352352352                                2.551386385518898
233.81381381381382                                2.497566126647875
234.10410410410412                                2.452202334514276
234.39439439439442                                2.4106532140327093
234.6846846846847                                 2.3769255347093314
234.97497497497497                                2.3596762283576416
235.26526526526527                                2.3774569424639034
235.55555555555557                                6.8115305859634825
235.84584584584587                                2.012065014219284
236.13613613613614                                1.9801848825022665
236.42642642642642                                1.9882668158081838
236.71671671671672                                1.9618946266234
237.00700700700702                                1.937783102496055
237.29729729729732                                1.9102211129580324
237.5875875875876                                 1.8826578482181162
237.8778778778779                                 1.8576794909024044
238.16816816816817                                1.8298831713337782
238.45845845845847                                1.80474184511042
238.74874874874877                                1.7790872578439179
239.03903903903904                                1.7544101845756248
239.32932932932934                                1.7311032528264712
239.61961961961964                                1.7102592751852506
239.9099099099099                                 1.686170408205344
240.20020020020021                                1.6534128970196698
240.4904904904905                                 1.646478574834781
240.7807807807808                                 1.6283882437323958
241.0710710710711                                 1.607836919699684
241.36136136136136                                1.5894528728745576
241.65165165165166                                1.5646767894556772
241.94194194194196                                1.5587205507039597
242.23223223223223                                1.5420777761126303
242.52252252252254                                1.5386755263927598
242.81281281281284                                1.4144750914771913
243.1031031031031                                 1.4763535689741345
243.3933933933934                                 1.4559710358575397
243.68368368368368                                1.4467760506931675
243.97397397397398                                1.4371009605828096
244.26426426426428                                1.424732147853495
244.55455455455456                                1.414363068670094
244.84484484484486                                1.4048409295683744
245.13513513513513                                1.3939560553388026
245.42542542542543                                1.3830602423665943
245.71571571571573                                1.3736519224422201
246.00600600600603                                1.3651279246173107
246.2962962962963                                 1.3568141996753285
246.58658658658658                                1.3498132273752244
246.87687687687688                                1.4025911622822778
247.16716716716718                                1.3316275100806483
247.45745745745748                                1.3246836923625636
247.74774774774778                                1.318153440924739
248.03803803803802                                1.3122275756800126
248.32832832832833                                1.306650565849472
248.61861861861863                                1.3016851974948316
248.90890890890893                                1.2969484471176773
249.19919919919923                                1.2924618975468767
249.48948948948947                                1.288762659186146
249.77977977977977                                1.2850960699364136
250.07007007007007                                1.2820366539757893
250.36036036036037                                1.280508965430505
250.65065065065068                                1.2771804811297953
250.94094094094098                                1.2765578879626192
251.23123123123122                                1.2741011653362448
251.52152152152152                                1.2729636985118156
251.81181181181182                                1.273352582622682
252.10210210210212                                1.2729191379126146
252.39239239239242                                1.2725517147032785
252.68268268268267                                1.2733297902805247
252.97297297297297                                1.2745371772644565
253.26326326326327                                1.276311313257709
253.55355355355357                                1.2806881277552706
253.84384384384387                                1.272947048298909
254.13413413413414                                1.2799118245729793
254.42442442442442                                1.284387092511927
254.71471471471472                                1.286844761289018
255.00500500500502                                1.2908380134284756
255.29529529529532                                1.2958638259372603
255.5855855855856                                 1.301094106696323
255.8758758758759                                 1.3064189470531067
256.1661661661662                                 1.312665849658249
256.45645645645646                                1.3192789288076352
256.7467467467468                                 1.325995504703432
257.037037037037                                  1.3337386674622407
257.32732732732734                                1.3419328746820234
257.6176176176176                                 1.3510919965956223
257.90790790790794                                1.3611888101682335
258.1981981981982                                 1.3700380884585392
258.4884884884885                                 1.3815552323611404
258.77877877877876                                1.3917787526442404
259.0690690690691                                 1.4040823279635533
259.35935935935936                                1.4165039847339853
259.6496496496497                                 1.430115946504386
259.93993993993996                                1.4460653321579828
260.23023023023023                                1.4597677006336778
260.5205205205205                                 1.475059365966179
260.81081081081084                                1.4926942565666146
261.1011011011011                                 1.5104539534148618
261.39139139139144                                1.5291515414748202
261.68168168168165                                1.548694287399315
261.971971971972                                  1.5699940026194419
262.26226226226225                                1.5924138003170774
262.5525525525526                                 1.616571177476108
262.84284284284286                                1.6401555566903825
263.13313313313313                                1.6642655009816476
263.4234234234234                                 1.6942189773756564
263.71371371371373                                1.7214691329854408
264.004004004004                                  1.7537859102154727
264.29429429429433                                1.7851249394265571
264.5845845845846                                 1.8183124219566704
264.8748748748749                                 1.8546727494539574
265.16516516516515                                1.8964821751374408
265.4554554554555                                 1.9384178169064696
265.74574574574575                                2.0158604063725893
266.036036036036                                  2.0021864408663967
266.32632632632635                                2.0631882782540645
266.6166166166166                                 2.1130096315699536
266.9069069069069                                 2.1689696564782093
267.1971971971972                                 2.2305516472832974
267.4874874874875                                 2.294642054463291
267.77777777777777                                2.3623499145778832
268.0680680680681                                 2.4323091236440204
268.3583583583584                                 2.5211546124638766
268.64864864864865                                2.601282618501906
268.938938938939                                  2.693733189583267
269.2292292292292                                 2.7956387125744864
269.5195195195196                                 2.903568362315622
269.8098098098098                                 3.0207713867459094
270.1001001001001                                 3.1542392211951444
270.3903903903904                                 3.298439972091414
270.68068068068067                                3.457515634259797
270.970970970971                                  3.6382024465051286
271.26126126126127                                3.840771570905335
271.55155155155154                                4.06609782036559
271.84184184184187                                4.318260163529276
272.13213213213214                                4.6938390599419915
272.4224224224224                                 4.9705459992815575
272.71271271271274                                5.34800411393621
273.003003003003                                  6.274064532475873
273.29329329329335                                6.585414324449134
273.58358358358356                                7.262401204565135
273.8738738738739                                 8.265117401524483
274.16416416416416                                9.56278249353846
274.4544544544545                                 11.4204713661172
274.74474474474476                                14.195103988923139
275.035035035035                                  18.957652972053854
275.32532532532537                                28.34498256542871
275.6156156156156                                 59.21247832971789
275.90590590590597                                523.4941216131241
276.1961961961962                                 47.145981088693496
276.48648648648646                                24.33612541702394
276.7767767767768                                 16.22899842069014
277.06706706706706                                12.063602040813889
277.3573573573574                                 9.526885478077793
277.64764764764766                                7.813515107214209
277.937937937938                                  6.582010887867465
278.2282282282282                                 5.613116324448033
278.51851851851853                                4.884489315345193
278.8088088088088                                 4.287421126273943
279.0990990990991                                 3.7848050550415855
279.3893893893894                                 3.346689177292395
279.6796796796797                                 3.0133273529200815
279.96996996996995                                2.6850392230265627
280.2602602602603                                 2.4898799242878678
280.55055055055055                                2.148526743338453
280.8408408408409                                 1.9162499481448005
281.13113113113116                                1.7117226004308392
281.4214214214214                                 1.5053207593727282
281.71171171171176                                1.3185109973755498
282.002002002002                                  1.1656221466821337
282.2922922922923                                 0.983833130652347
282.5825825825826                                 0.8166724168176842
282.8728728728729                                 0.6591472655197551
283.1631631631632                                 0.5065746225802107
283.45345345345345                                0.351271408974789
283.7437437437438                                 0.20109591635009347
284.03403403403405                                0.05021581499101709
284.3243243243244                                 0.03981021525598948
284.61461461461465                                0.2503718711360603
284.90490490490487                                0.4102730697029357
285.1951951951952                                 0.5739414362601685
285.48548548548547                                0.7447204545567117
285.7757757757758                                 0.9190744335038862
286.06606606606607                                1.1035344825712234
286.35635635635634                                1.3002575882407479
286.6466466466467                                 1.5056510754950216
286.93693693693695                                1.7287532424482668
287.2272272272273                                 1.9659053847109356
287.51751751751755                                2.2233340982153798
287.80780780780776                                2.509256186024066
288.0980980980981                                 2.816283799063162
288.38838838838836                                3.1590165981975753
288.6786786786787                                 3.539868452900147
288.96896896896897                                3.9652484352963295
289.2592592592593                                 4.442655541603077
289.54954954954957                                4.9895061368040565
289.83983983983984                                5.6094871528431955
290.13013013013017                                6.429544196640984
290.42042042042044                                7.27045134001874
290.71071071071077                                8.315280876359948
291.001001001001                                  9.333206262638232
291.29129129129126                                11.205977568815824
291.5815815815816                                 13.326294854100059
291.87187187187186                                16.162462399840813
292.1621621621622                                 20.360820892813642
292.45245245245246                                25.950692292417852
292.7427427427428                                 37.04481412502663
293.03303303303306                                40.05913510244415
293.32332332332334                                102.55951321416933
293.61361361361367                                1578.2554796861689
293.9039039039039                                 128.6217490456973
294.1941941941942                                 64.33703983284849
294.4844844844845                                 43.86901551642818
294.77477477477476                                33.82942519620698
295.0650650650651                                 27.867824194129167
295.35535535535536                                23.935836196690182
295.6456456456457                                 21.15905647260918
295.93593593593596                                19.10570678986233
296.22622622622623                                17.541126574428365
296.51651651651656                                16.47702413093164
296.8068068068068                                 15.045712744846965
297.0970970970971                                 14.325881838847543
297.3873873873874                                 13.674375041648464
297.67767767767765                                13.110834161485847
297.967967967968                                  12.644628874674085
298.25825825825825                                12.266170802188041
298.5485485485486                                 11.93938271952258
298.83883883883885                                11.643234623427935
299.1291291291292                                 11.41138431697262
299.41941941941946                                11.217071324793023
299.7097097097097                                 11.061451754632337
300                                               10.944218402931945
