% Model:              empty_box_fullwave_3.1.21.mph
% Version:            COMSOL 5.4.0.388
% Date:               Mar 4 2021, 11:31
% Table:              Table 6 - Ex center (abs(emw.Ex))
% freq (MHz)             abs(emw.Ex) (V/m), Point: (-0.04412, 0, 0.03)
10                       1.0269460622299835
10.29029029029029        1.0269460622299835
10.58058058058058        1.0269460622299835
10.87087087087087        1.0269460622299835
11.16116116116116        1.0269460622299835
11.451451451451451       1.0269460622299835
11.741741741741743       1.0269460622299835
12.032032032032031       1.0269460622299835
12.322322322322321       1.0269460622299835
12.612612612612612       1.0269460622299835
12.902902902902902       1.0269460622299835
13.193193193193192       1.0269460622299835
13.483483483483484       1.0269460622299835
13.773773773773774       1.0269460622299835
14.064064064064064       1.0269460622299835
14.354354354354355       1.0269460622299835
14.644644644644643       1.0269460622299835
14.934934934934935       1.0269460622299835
15.225225225225225       1.0269460622299835
15.515515515515515       1.0269460622299835
15.805805805805806       1.0269460622299835
16.096096096096097       1.0269460622299835
16.386386386386388       1.0269460622299835
16.676676676676678       1.0269460622299835
16.966966966966968       1.0269460622299835
17.257257257257255       1.0269460622299835
17.54754754754755        1.0269460622299835
17.837837837837835       1.0269460622299835
18.12812812812813        1.0269460622299835
18.41841841841842        1.0993367670389826
18.70870870870871        1.0993367670389826
18.998998998999          1.0993367670389826
19.289289289289286       1.0993367670389826
19.57957957957958        1.0993367670389826
19.869869869869873       1.0993367670389826
20.16016016016016        1.0993367670389826
20.45045045045045        1.0993367670389826
20.74074074074074        1.0993367670389826
21.03103103103103        1.0993367670389826
21.32132132132132        1.0993367670389826
21.61161161161161        1.0993367670389826
21.9019019019019         1.0993367670389826
22.19219219219219        1.0993367670389826
22.482482482482485       1.0993367670389826
22.772772772772772       1.0993367670389826
23.063063063063062       1.0993367670389826
23.353353353353356       1.0993367670389826
23.643643643643646       1.0993367670389826
23.933933933933936       1.0993367670389826
24.224224224224223       1.0993367670389826
24.514514514514513       1.0993367670389826
24.804804804804803       1.0993367670389826
25.095095095095097       1.0993367670389826
25.385385385385387       1.1965372079804797
25.675675675675674       1.1965372079804797
25.965965965965967       1.1965372079804797
26.256256256256258       1.1965372079804797
26.546546546546548       1.1965372079804797
26.836836836836834       1.19653720798048
27.127127127127128       1.1965372079804797
27.41741741741742        1.1965372079804797
27.70770770770771        1.19653720798048
27.997997997998          1.1965372079804801
28.28828828828829        1.1965372079804801
28.57857857857858        1.19653720798048
28.868868868868866       1.1965372079804801
29.15915915915916        1.1965372079804801
29.44944944944945        1.1965372079804801
29.73973973973974        1.1965372079804801
30.03003003003003        1.1965372079804801
30.32032032032032        1.1965372079804804
30.61061061061061        1.3057703604853534
30.900900900900904       1.3057703604853534
31.19119119119119        1.3057703604853534
31.481481481481485       1.3057703604853534
31.77177177177177        1.3057703604853534
32.06206206206206        1.3057703604853534
32.352352352352355       1.3057703604853534
32.64264264264264        1.3057703604853534
32.932932932932935       1.3057703604853537
33.22322322322322        1.3057703604853539
33.513513513513516       1.3057703604853537
33.8038038038038         1.3057703604853534
34.094094094094096       1.3057703604853539
34.38438438438438        1.3057703604853539
34.67467467467468        1.3057703604853539
34.96496496496497        1.4275489668150394
35.25525525525525        1.4275489668150396
35.545545545545544       1.4275489668150394
35.83583583583584        1.4275489668150396
36.126126126126124       1.4275489668150394
36.41641641641642        1.4275489668150392
36.70670670670671        1.4275489668150396
36.996996996997          1.4275489668150394
37.28728728728729        1.4275489668150394
37.57757757757757        1.4275489668150394
37.86786786786787        1.4275489668150394
38.15815815815816        1.4275489668150394
38.448448448448445       1.4275489668150396
38.738738738738746       1.5641387628795635
39.029029029029026       1.5641387628795635
39.31931931931932        1.5641387628795635
39.609609609609606       1.5641387628795635
39.8998998998999         1.5641387628795635
40.190190190190194       1.5641387628795633
40.48048048048048        1.5641387628795633
40.770770770770774       1.564138762879563
41.06106106106106        1.564138762879563
41.35135135135135        1.564138762879563
41.64164164164165        1.564138762879563
41.931931931931935       1.564138762879563
42.22222222222222        1.7246830040887369
42.512512512512515       1.7246830040887369
42.8028028028028         1.7246830040887369
43.093093093093096       1.7246830040887369
43.38338338338338        1.7246830040887369
43.673673673673676       1.7246830040887369
43.96396396396397        1.7246830040887369
44.254254254254256       1.7246830040887369
44.54454454454454        1.7246830040887369
44.83483483483484        1.7246830040887369
45.12512512512512        1.8947412668463381
45.41541541541542        1.8947412668463381
45.70570570570571        1.8947412668463381
45.995995995996          1.8947412668463381
46.286286286286284       1.8947412668463381
46.57657657657658        1.8947412668463381
46.86686686686687        1.8947412668463381
47.15715715715716        1.8947412668463381
47.447447447447445       1.8947412668463381
47.73773773773774        2.082070024190111
48.02802802802803        2.082070024190111
48.31831831831832        2.082070024190111
48.608608608608606       2.082070024190111
48.8988988988989         2.082070024190111
49.18918918918919        2.082070024190111
49.47947947947948        2.082070024190111
49.76976976976977        2.082070024190111
50.06006006006006        2.2874127248258613
50.35035035035035        2.2874127248258613
50.64064064064064        2.2874127248258613
50.930930930930934       2.2874127248258613
51.22122122122122        2.2874127248258613
51.51151151151151        2.2874127248258613
51.80180180180181        2.2874127248258613
52.092092092092095       2.2874127248258613
52.38238238238238        2.5370933781599105
52.67267267267267        2.5370933781599105
52.96296296296297        2.53709337815991
53.253253253253256       2.53709337815991
53.54354354354354        2.5370933781599097
53.833833833833836       2.5370933781599097
54.12412412412412        2.5370933781599097
54.414414414414416       2.815263431885986
54.70470470470471        2.8152634318859855
54.994994994995          2.8152634318859855
55.28528528528528        2.8152634318859855
55.57557557557558        2.8152634318859855
55.86586586586587        2.8152634318859855
56.15615615615616        3.1076707192022934
56.446446446446444       3.1076707192022934
56.73673673673674        3.1076707192022934
57.02702702702703        3.107670719202294
57.31731731731732        3.107670719202294
57.607607607607605       3.4017241930594433
57.8978978978979         3.4017241930594433
58.18818818818819        3.4017241930594433
58.47847847847848        3.4017241930594433
58.76876876876877        3.4017241930594433
59.05905905905906        3.7351367338203794
59.34934934934935        3.7351367338203794
59.63963963963964        3.7351367338203794
59.92992992992993        3.7351367338203794
60.22022022022022        4.086322889173104
60.51051051051051        4.086322889173104
60.80080080080081        4.086322889173104
61.091091091091094       4.086322889173104
61.38138138138138        4.46887321218969
61.67167167167167        4.46887321218969
61.96196196196197        4.46887321218969
62.252252252252255       4.857682463959836
62.54254254254254        4.857682463959836
62.832832832832835       4.857682463959836
63.12312312312312        4.857682463959836
63.413413413413416       5.305911739475246
63.70370370370371        5.305911739475246
63.993993993993996       5.791640367116893
64.28428428428428        5.791640367116893
64.57457457457458        5.791640367116893
64.86486486486487        6.2341638323312925
65.15515515515516        6.2341638323312925
65.44544544544544        6.761952546092749
65.73573573573574        6.761952546092749
66.02602602602603        7.323970218513228
66.31631631631632        7.323970218513228
66.6066066066066         7.870963859632288
66.89689689689689        8.449617952148198
67.18718718718719        8.449617952148198
67.47747747747749        8.449617952148198
67.76776776776777        9.418023260408708
68.05805805805805        9.418023260408708
68.34834834834835        9.712105405958416
68.63863863863864        11.033749834913193
68.92892892892894        11.033749834913191
69.21921921921923        12.46193888831128
69.5095095095095         12.46193888831128
69.7997997997998         14.273756402359734
70.09009009009009        14.273756402359734
70.38038038038039        16.68750630030481
70.67067067067067        16.68750630030481
70.96096096096096        20.043614612748456
71.25125125125125        22.48920187396048
71.54154154154155        25.173917963027087
71.83183183183183        28.699776864004235
72.12212212212212        33.38490668340961
72.41241241241242        40.46795274224036
72.7027027027027         50.54832400237648
72.992992992993          67.19559318434199
73.2832832832833         99.85796567519023
73.57357357357358        194.87755202839662
73.86386386386387        3488.9357511139756
74.15415415415414        220.21334196871928
74.44444444444444        107.1514125826743
74.73473473473474        71.392368023015
75.02502502502503        52.96022262864444
75.31531531531532        42.38561024349486
75.6056056056056         36.57309939653366
75.89589589589589        30.38568026102875
76.18618618618619        26.253759821771894
76.47647647647649        23.538327721776092
76.76676676676676        21.297534005102875
77.05705705705705        19.408264284165615
77.34734734734735        19.140914866638735
77.63763763763764        16.554637011871925
77.92792792792794        16.554637011871925
78.21821821821821        14.367365600216415
78.50850850850851        14.367365600216415
78.7987987987988         12.742667121324489
79.08908908908909        12.742667121324489
79.37937937937939        11.46948000550393
79.66966966966967        11.46948000550393
79.95995995995996        11.105797938680414
80.25025025025025        9.99719623289852
80.54054054054055        9.99719623289852
80.83083083083083        9.676902789115971
81.12112112112112        8.874189613452165
81.41141141141142        8.874189613452165
81.7017017017017         8.874189613452165
81.991991991992          8.456761981952255
82.2822822822823         7.747127782093362
82.57257257257257        7.747127782093362
82.86286286286287        7.747127782093362
83.15315315315316        7.394440930350357
83.44344344344344        7.081705515543742
83.73373373373374        6.720545945066303
84.02402402402402        6.720545945066303
84.31431431431432        6.720545945066303
84.60460460460462        6.360086146237102
84.89489489489489        6.360086146237102
85.18518518518519        5.975989966661929
85.47547547547548        5.9759899666619285
85.76576576576576        5.9759899666619285
86.05605605605606        5.619249710891897
86.34634634634635        5.619249710891899
86.63663663663664        5.619249710891899
86.92692692692694        5.289233354364223
87.21721721721721        5.289233354364223
87.50750750750751        5.289233354364223
87.7977977977978         5.004252542141787
88.08808808808809        5.0042525421417885
88.37837837837839        5.004252542141788
88.66866866866867        5.004252542141787
88.95895895895896        4.727366677207592
89.24924924924925        4.727366677207592
89.53953953953955        4.727366677207592
89.82982982982983        4.727366677207592
90.12012012012012        4.452804444264988
90.41041041041042        4.452804444264988
90.7007007007007         4.452804444264988
90.990990990991          4.452804444264988
91.2812812812813         4.213504652191964
91.57157157157157        4.213504652191964
91.86186186186187        4.213504652191964
92.15215215215215        4.213504652191964
92.44244244244244        4.213504652191964
92.73273273273274        3.9886345123248153
93.02302302302301        3.9886345123248153
93.31331331331332        3.9886345123248153
93.60360360360362        3.9886345123248153
93.89389389389389        3.9886345123248153
94.18418418418419        3.787188870634108
94.47447447447448        3.787188870634108
94.76476476476476        3.787188870634108
95.05505505505506        3.787188870634108
95.34534534534535        3.787188870634108
95.63563563563564        3.6205232460833106
95.92592592592594        3.6205232460833106
96.21621621621621        3.6205232460833106
96.50650650650651        3.6205232460833106
96.7967967967968         3.6205232460833106
97.08708708708708        3.4846582278736844
97.37737737737739        3.4846582278736844
97.66766766766767        3.4846582278736844
97.95795795795796        3.4846582278736844
98.24824824824825        3.4846582278736844
98.53853853853855        3.4846582278736844
98.82882882882883        3.356009834524974
99.11911911911912        3.356009834524974
99.40940940940942        3.356009834524974
99.6996996996997         3.356009834524974
99.98998998999           3.356009834524974
100.2802802802803        3.356009834524974
100.57057057057057       3.248092499793891
100.86086086086087       3.248092499793891
101.15115115115115       3.2480924997938905
101.44144144144144       3.2480924997938905
101.73173173173174       3.2480924997938905
102.02202202202201       3.2480924997938905
102.31231231231232       3.165598955098315
102.60260260260262       3.1655989550983143
102.89289289289289       3.1655989550983143
103.18318318318319       3.1655989550983143
103.47347347347348       3.1655989550983143
103.76376376376376       3.1655989550983143
104.05405405405406       3.106418638123136
104.34434434434435       3.106418638123136
104.63463463463464       3.106418638123136
104.92492492492494       3.1064186381231362
105.21521521521521       3.1064186381231362
105.50550550550551       3.1064186381231362
105.7957957957958        3.0667716569635073
106.08608608608608       3.0667716569635073
106.37637637637638       3.0667716569635073
106.66666666666667       3.0667716569635073
106.95695695695696       3.0667716569635073
107.24724724724724       3.0667716569635073
107.53753753753755       3.045977103225189
107.82782782782783       3.0459771032251886
108.11811811811812       3.0459771032251886
108.40840840840842       3.045977103225189
108.6986986986987        3.045977103225189
108.988988988989         3.0459771032251886
109.2792792792793        3.0434289860585317
109.56956956956957       3.0434289860585317
109.85985985985987       3.0434289860585317
110.15015015015015       3.0434289860585317
110.44044044044044       3.0434289860585317
110.73073073073074       3.0434289860585317
111.02102102102101       3.059776908744225
111.31131131131131       3.059776908744225
111.60160160160162       3.059776908744226
111.89189189189189       3.059776908744226
112.18218218218219       3.059776908744226
112.47247247247248       3.089820003432941
112.76276276276276       3.089820003432941
113.05305305305306       3.089820003432941
113.34334334334335       3.089820003432941
113.63363363363364       3.089820003432941
113.92392392392394       3.0898200034329415
114.21421421421421       3.141010501953307
114.50450450450451       3.141010501953307
114.7947947947948        3.1410105019533066
115.08508508508508       3.1410105019533066
115.37537537537538       3.1410105019533066
115.66566566566567       3.2077028025937255
115.95595595595596       3.207702802593726
116.24624624624624       3.207702802593726
116.53653653653654       3.207702802593726
116.82682682682683       3.207702802593726
117.11711711711712       3.290058414960746
117.40740740740742       3.290058414960746
117.6976976976977        3.290058414960746
117.98798798798799       3.290058414960746
118.27827827827828       3.3781833666783525
118.56856856856857       3.3781833666783525
118.85885885885887       3.3781833666783525
119.14914914914915       3.3781833666783525
119.43943943943944       3.3781833666783525
119.72972972972974       3.4859835789951665
120.02002002002001       3.4859835789951665
120.31031031031031       3.4859835789951665
120.60060060060061       3.603378258485641
120.89089089089089       3.603378258485641
121.18118118118119       3.603378258485641
121.47147147147149       3.603378258485641
121.76176176176176       3.7212824562639715
122.05205205205206       3.7212824562639715
122.34234234234233       3.7212824562639715
122.63263263263264       3.8574476934313817
122.92292292292294       3.8574476934313817
123.21321321321321       3.8574476934313817
123.50350350350351       3.99857728971496
123.7937937937938        3.99857728971496
124.08408408408408       3.99857728971496
124.37437437437438       4.148771969626316
124.66466466466467       4.148771969626316
124.95495495495496       4.3251428725516465
125.24524524524524       4.3251428725516465
125.53553553553554       4.3251428725516465
125.82582582582583       4.3251428725516465
126.11611611611612       4.559985065305474
126.40640640640642       4.559985065305474
126.6966966966967        4.559985065305475
126.98698698698699       4.559985065305474
127.27727727727728       4.915475510788819
127.56756756756756       4.915475510788819
127.85785785785787       4.915475510788819
128.14814814814815       5.002385625225867
128.43843843843845       5.371175400292641
128.72872872872873       5.371175400292641
129.01901901901903       5.371175400292641
129.3093093093093        5.5791996359836
129.5995995995996        5.985581584690983
129.8898898898899        5.985581584690983
130.18018018018017       5.985581584690983
130.47047047047047       6.504893953066517
130.76076076076077       6.504893953066517
131.05105105105105       7.018791746215074
131.34134134134135       7.018791746215074
131.63163163163165       7.3794590717978
131.92192192192192       7.932516299552777
132.21221221221222       7.932516299552777
132.50250250250252       8.677710826658005
132.7927927927928        8.677710826658005
133.0830830830831        9.626884760587666
133.3733733733734        9.626884760587666
133.66366366366367       10.92026655120099
133.95395395395397       11.894729469403508
134.24424424424424       11.894729469403508
134.53453453453454       13.546915138766652
134.82482482482484       15.279896077095735
135.1151151151151        16.990938178668415
135.4054054054054        19.286543802479837
135.6956956956957        22.24443091853836
135.985985985986         26.35217175441198
136.2762762762763        32.40506909400388
136.5665665665666        42.002670059448775
136.85685685685687       62.36416664726349
137.14714714714717       118.03397209938137
137.43743743743744       1316.4352108676096
137.72772772772774       141.2621259679684
138.018018018018         66.34406704835901
138.30830830830828       43.04627392015668
138.59859859859858       32.37334434535947
138.88888888888889       26.128467693687856
139.1791791791792        20.558664873062035
139.4694694694695        17.36511893527317
139.7597597597598        15.933871659726718
140.05005005005006       13.240807501132595
140.34034034034033       12.198001520244555
140.63063063063063       10.880187927924167
140.92092092092093       9.669819098786903
141.2112112112112        8.721807264737214
141.5015015015015        8.721807264737214
141.79179179179178       7.4727622334714265
142.08208208208208       7.4727622334714265
142.37237237237238       6.447418475667109
142.66266266266268       6.447418475667109
142.95295295295298       5.5991813164468764
143.24324324324323       5.5991813164468764
143.53353353353353       4.918226257636249
143.82382382382383       4.918226257636249
144.1141141141141        4.823779705705904
144.4044044044044        4.174907662788814
144.6946946946947        4.174907662788814
144.98498498498498       4.081268821186215
145.27527527527528       3.575617687214544
145.56556556556558       3.575617687214544
145.85585585585588       3.575617687214544
146.14614614614615       3.101709851667661
146.43643643643645       3.101709851667661
146.72672672672672       3.101709851667661
147.01701701701703       2.8047036612134137
147.30730730730733       2.804703661213414
147.5975975975976        2.460621155976005
147.8878878878879        2.4606211559760056
148.17817817817817       2.460621155976005
148.46846846846847       2.35316174355339
148.75875875875877       2.0697688543686934
149.04904904904905       2.0697688543686934
149.33933933933935       2.0697688543686934
149.62962962962965       2.0697688543686934
149.91991991991992       1.9347755035293928
150.21021021021022       1.6787102797939344
150.5005005005005        1.6787102797939344
150.7907907907908        1.6787102797939344
151.0810810810811        1.6787102797939344
151.3713713713714        1.5533215221414074
151.66166166166167       1.4470332534404091
151.95195195195194       1.3098277375657077
152.24224224224224       1.309827737565708
152.53253253253254       1.309827737565708
152.82282282282284       1.1798972040504694
153.11311311311312       1.1798972040504694
153.4034034034034        1.0331775298184867
153.6936936936937        1.0331775298184867
153.983983983984         1.0331775298184867
154.2742742742743        0.9065864726654383
154.5645645645646        0.9065864726654383
154.85485485485486       0.9065864726654383
155.14514514514514       0.7835664593505324
155.43543543543544       0.7835664593505324
155.72572572572574       0.7835664593505324
156.01601601601604       0.6637869540016686
156.3063063063063        0.6637869540016686
156.59659659659658       0.6637869540016686
156.88688688688688       0.5415363225440013
157.17717717717719       0.5415363225440013
157.4674674674675        0.5415363225440013
157.7577577577578        0.42770113512305724
158.04804804804803       0.42770113512305724
158.33833833833833       0.42770113512305724
158.62862862862863       0.42770113512305724
158.91891891891893       0.3102289204102164
159.20920920920923       0.3102289204102164
159.4994994994995        0.31022892041021627
159.78978978978978       0.19049372038770146
160.08008008008008       0.19049372038770146
160.37037037037038       0.19049372038770143
160.66066066066068       0.08686783146277874
160.95095095095095       0.08686783146277874
161.24124124124123       0.08686783146277874
161.53153153153153       0.08686783146277874
161.82182182182183       0.015567925710434874
162.11211211211213       0.015567925710434874
162.4024024024024        0.015567925710434874
162.6926926926927        0.12597234199220125
162.98298298298297       0.12597234199220125
163.27327327327328       0.12597234199220125
163.56356356356358       0.22951079126459792
163.85385385385388       0.22951079126459797
164.14414414414415       0.22951079126459797
164.43443443443442       0.3212479359605616
164.72472472472472       0.3212479359605616
165.01501501501502       0.3212479359605616
165.30530530530532       0.41276823065337065
165.5955955955956        0.41276823065337065
165.8858858858859        0.41276823065337065
166.17617617617617       0.5118438069548753
166.46646646646647       0.5118438069548753
166.75675675675677       0.610185544264474
167.04704704704704       0.610185544264474
167.33733733733735       0.610185544264474
167.62762762762765       0.610185544264474
167.91791791791792       0.6917822086924648
168.20820820820822       0.793492262747076
168.4984984984985        0.793492262747076
168.7887887887888        0.793492262747076
169.0790790790791        0.884907696549252
169.36936936936937       0.8849076965492519
169.65965965965967       0.9827257934207613
169.94994994994994       0.9827257934207613
170.24024024024024       1.084235610438316
170.53053053053054       1.084235610438316
170.82082082082084       1.182330147908046
171.11111111111111       1.182330147908046
171.4014014014014        1.182330147908046
171.6916916916917        1.256998653174906
171.981981981982         1.3697710693171556
172.2722722722723        1.3697710693171556
172.5625625625626        1.4820830327381767
172.85285285285286       1.4820830327381767
173.14314314314313       1.5856707951258948
173.43343343343344       1.5856707951258948
173.72372372372374       1.6883315494724487
174.01401401401404       1.6883315494724485
174.3043043043043        1.6883315494724485
174.59459459459458       1.891358142146353
174.88488488488488       1.891358142146353
175.17517517517518       1.891358142146353
175.46546546546548       2.128610594030113
175.75575575575579       2.128610594030113
176.04604604604603       2.128610594030113
176.33633633633633       2.3729859668773394
176.62662662662663       2.3729859668773394
176.91691691691693       2.415791705131885
177.20720720720723       2.6796827837939343
177.49749749749748       2.6796827837939343
177.78778778778778       2.721267519452228
178.07807807807808       2.9968273827830485
178.36836836836838       2.9968273827830485
178.65865865865868       3.2847078292102307
178.94894894894895       3.2847078292102303
179.23923923923923       3.55274976036656
179.52952952952953       3.5527497603665603
179.81981981981983       3.9074527512437935
180.11011011011013       3.9074527512437935
180.4004004004004        4.215381468944248
180.6906906906907        4.346049651055345
180.98098098098097       4.711574889398689
181.27127127127127       4.711574889398689
181.56156156156158       5.147592549190982
181.85185185185188       5.5370622985278155
182.14214214214215       5.537062298527816
182.43243243243242       6.08237303950424
182.72272272272272       6.531622882716117
183.01301301301302       6.531622882716117
183.30330330330332       7.261399731595276
183.5935935935936        7.884966571718526
183.8838838838839        8.40730188311895
184.17417417417417       8.978004696925996
184.46446446446447       9.656276401553319
184.75475475475477       10.443303263547765
185.04504504504504       11.341246868827835
185.33533533533534       12.51642225844281
185.62562562562564       13.268379913656393
185.91591591591592       15.250348485035213
186.20620620620622       17.083633077407395
186.4964964964965        19.304930167258686
186.7867867867868        22.118935049727263
187.0770770770771        25.76571968483638
187.36736736736736       31.054701248335416
187.65765765765767       38.44985827850473
187.94794794794794       50.035157672665925
188.23823823823824       71.33635315537079
188.52852852852854       121.26346739376376
188.81881881881884       383.0549446839998
189.1091091091091        343.88622141152973
189.3993993993994        120.72370611527532
189.6896896896897        74.31859067845303
189.97997997998          53.809292564463334
190.2702702702703        42.46251963650053
190.5605605605606        35.16473051903188
190.85085085085086       30.44059807269945
191.14114114114113       26.814104113330266
191.43143143143143       23.64621650811927
191.72172172172174       21.77074662436498
192.01201201201204       19.80807835932611
192.3023023023023        18.614161958767774
192.59259259259258       17.31733578911472
192.88288288288288       15.923632821870264
193.17317317317318       15.361856565692737
193.46346346346348       14.273294776800544
193.75375375375378       13.670929824631804
194.04404404404403       12.952199833863963
194.33433433433433       12.659584738689059
194.62462462462463       12.011365028515945
194.91491491491493       11.954970530791815
195.20520520520523       11.293444322254082
195.49549549549548       10.880090716465896
195.78578578578578       10.681887991580819
196.07607607607608       10.282435660051162
196.36636636636638       10.282435660051162
196.65665665665668       9.860734723624208
196.94694694694695       9.578404321250366
197.23723723723722       9.578404321250368
197.52752752752752       9.255090861651734
197.81781781781783       9.22274176639745
198.10810810810813       8.959005586677078
198.39839839839843       8.92876446870357
198.6886886886887        8.699039964217532
198.97897897897897       8.699039964217532
199.26926926926927       8.515069403604898
199.55955955955957       8.497748045345478
199.84984984984987       8.34153681270959
200.14014014014015       8.34153681270959
200.43043043043042       8.22622399384943
200.72072072072072       8.22622399384943
201.01101101101102       8.161291364407777
201.30130130130132       8.10884673055561
201.5915915915916        8.10884673055561
201.8818818818819        8.067958883850116
202.17217217217217       8.074663536497802
202.46246246246247       8.06285655151233
202.75275275275277       8.06285655151233
203.04304304304304       8.084794677290255
203.33333333333334       8.084794677290255
203.62362362362364       8.13876220284216
203.91391391391392       8.156921200179037
204.20420420420422       8.225140337374068
204.4944944944945        8.31474240677719
204.7847847847848        8.31474240677719
205.0750750750751        8.446313715100615
205.36536536536536       8.446313715100615
205.65565565565566       8.627809092527535
205.94594594594594       8.65075522747201
206.23623623623624       8.845191181089842
206.52652652652654       9.058847073970611
206.81681681681684       9.058847073970611
207.1071071071071        9.338494010698044
207.3973973973974        9.528630987915912
207.68768768768768       9.815972937922947
207.977977977978         9.815972937922947
208.2682682682683        10.205426639569906
208.5585585585586        10.583724705439941
208.84884884884886       10.962611400941833
209.13913913913913       11.311443608581676
209.42942942942943       11.61255272991504
209.71971971971973       12.33710947555593
210.01001001001003       12.728037839946412
210.3003003003003        13.47654291291405
210.59059059059058       14.05925558050153
210.88088088088088       15.371090035613289
211.17117117117118       16.45419331194162
211.46146146146148       17.58172813895965
211.75175175175178       19.880866804897646
212.04204204204203       22.288351497089682
212.33233233233233       25.21724942107896
212.62262262262263       29.80014229984485
212.91291291291293       37.19577489886307
213.20320320320323       46.25203733318086
213.49349349349347       72.89384806212351
213.78378378378378       166.79536054120706
214.07407407407408       452.44964744997935
214.36436436436438       90.38567115751648
214.65465465465468       48.195571135665844
214.94494494494495       31.895792165865295
215.23523523523522       22.958579644230674
215.52552552552552       17.80903625576185
215.81581581581582       13.76763263414081
216.10610610610613       10.923096203351601
216.39639639639643       8.758553540951933
216.6866866866867        6.987526431573358
216.97697697697697       5.479023311356338
217.26726726726727       4.163822917166485
217.55755755755757       3.0102516631064886
217.84784784784787       2.035424763161874
218.13813813813815       0.9019958183742169
218.42842842842842       0.1519447290279441
218.71871871871872       0.8960769563402912
219.00900900900902       1.9625916854527732
219.29929929929932       3.5019387646371154
219.5895895895896        4.985931744409671
219.8798798798799        6.287167923588019
220.17017017017017       8.806265232455933
220.46046046046047       11.979168739742907
220.75075075075077       17.330205708025584
221.04104104104104       26.776569987378657
221.33133133133134       48.85031128922997
221.62162162162164       209.45891994573353
221.91191191191191       108.40903873922113
222.20220220220222       45.4674442868678
222.4924924924925        29.5348398396717
222.7827827827828        22.058521179817618
223.0730730730731        18.147039576322637
223.36336336336336       14.910885266314446
223.65365365365366       12.761759931202466
223.94394394394394       11.39169104793513
224.23423423423424       10.30023432439435
224.52452452452454       9.669364953127046
224.81481481481484       8.549481770300883
225.1051051051051        8.253653005308745
225.3953953953954        7.40723694948911
225.68568568568568       6.741583374923501
225.97597597597598       6.741583374923501
226.26626626626629       6.116610256306473
226.5565565565566        6.085472483741928
226.84684684684686       5.5890185879380425
227.13713713713713       5.263319536036654
227.42742742742743       5.203939410614335
227.71771771771773       4.859424870992141
228.00800800800803       4.859424870992141
228.2982982982983        4.496979452573901
228.58858858858858       4.2689307800800975
228.87887887887888       4.204556657240589
229.16916916916918       3.93225863552779
229.45945945945948       3.891595505330372
229.74974974974978       3.7615079364099113
230.04004004004003       3.504878881026495
230.33033033033033       3.504878881026495
230.62062062062063       3.4652527785970015
230.91091091091093       3.2539490566432474
231.20120120120123       3.227065903141631
231.49149149149147       3.106558551229734
231.78178178178177       2.9481988544087794
232.07207207207207       2.9481988544087794
232.36236236236238       2.918555291351546
232.65265265265268       2.7465191288639206
232.94294294294298       2.7465191288639206
233.23323323323322       2.695802119915659
233.52352352352352       2.5540773008683963
233.81381381381382       2.554077300868396
234.10410410410412       2.5562743222197635
234.39439439439442       2.4108432515765608
234.6846846846847        2.4108432515765608
234.97497497497497       2.4108432515765608
235.26526526526527       2.2983939244125264
235.55555555555557       2.211316712140946
235.84584584584587       2.081707024305253
236.13613613613614       2.031710631764107
236.42642642642642       1.9781182349755593
236.71671671671672       1.9363778294932155
237.00700700700702       1.92222978109959
237.29729729729732       1.8937275081200375
237.5875875875876        1.8937275081200375
237.8778778778779        1.8620233897560585
238.16816816816817       1.8620233897560585
238.45845845845847       1.801526895715768
238.74874874874877       1.801526895715768
239.03903903903904       1.7935791523361517
239.32932932932934       1.7511120465977519
239.61961961961964       1.7128349293827632
239.9099099099099        1.7128349293827632
240.20020020020021       1.7128349293827632
240.4904904904905        1.7128349293827632
240.7807807807808        1.6240461098593921
241.0710710710711        1.6240461098593921
241.36136136136136       1.6240461098593921
241.65165165165166       1.6054069813984548
241.94194194194196       1.5533934155570868
242.23223223223223       1.5533934155570868
242.52252252252254       1.5245415322831195
242.81281281281284       1.48082132919604
243.1031031031031        1.48082132919604
243.3933933933934        1.4493095653474393
243.68368368368368       1.4493095653474395
243.97397397397398       1.4493095653474393
244.26426426426428       1.4212976051217625
244.55455455455456       1.4212976051217625
244.84484484484486       1.4187980771375495
245.13513513513513       1.3959423163292295
245.42542542542543       1.3959423163292295
245.71571571571573       1.3759688739040692
246.00600600600603       1.3759688739040692
246.2962962962963        1.3540626344118782
246.58658658658658       1.3540626344118782
246.87687687687688       1.3540626344118787
247.16716716716718       1.3540626344118787
247.45745745745748       1.3401566867807932
247.74774774774778       1.321844185868836
248.03803803803802       1.321844185868836
248.32832832832833       1.3149222452524505
248.61861861861863       1.307030073408162
248.90890890890893       1.3050272320138598
249.19919919919923       1.295973231478807
249.48948948948947       1.296506428614808
249.77977977977977       1.2900230722464856
250.07007007007007       1.2846310090046895
250.36036036036037       1.2810310266958786
250.65065065065068       1.2790324723754058
250.94094094094098       1.2783771440028764
251.23123123123122       1.2774578608134446
251.52152152152152       1.276100469478505
251.81181181181182       1.2769562755066348
252.10210210210212       1.272605170759877
252.39239239239242       1.272624810894986
252.68268268268267       1.2778646263416518
252.97297297297297       1.2826192407005654
253.26326326326327       1.2876635294199117
253.55355355355357       1.2901170843168626
253.84384384384387       1.2901079993512918
254.13413413413414       1.2875043170878977
254.42442442442442       1.2875043170878977
254.71471471471472       1.287103651835063
255.00500500500502       1.2884424085618222
255.29529529529532       1.2884424085618222
255.5855855855856        1.2937825041219289
255.8758758758759        1.2984553808943273
256.1661661661662        1.2984553808943273
256.45645645645646       1.3086499313866151
256.7467467467468        1.319631123228028
257.037037037037         1.330764513650266
257.32732732732734       1.330764513650266
257.6176176176176        1.3425715277298094
257.90790790790794       1.3425715277298094
258.1981981981982        1.362208839691705
258.4884884884885        1.3746595178898176
258.77877877877876       1.3797130812414684
259.0690690690691        1.3963906548024612
259.35935935935936       1.3963906548024612
259.6496496496497        1.4103829247957955
259.93993993993996       1.4256087218041404
260.23023023023023       1.4336795494170722
260.5205205205205        1.456212966693232
260.81081081081084       1.4696888073190222
261.1011011011011        1.498541114767845
261.39139139139144       1.498541114767845
261.68168168168165       1.5256042861770471
261.971971971972         1.5554481706626908
262.26226226226225       1.5623633597281543
262.5525525525526        1.5940340398793078
262.84284284284286       1.6041031576668527
263.13313313313313       1.6458795922867824
263.4234234234234        1.6458795922867824
263.71371371371373       1.6665447812813774
264.004004004004         1.716871008109863
264.29429429429433       1.716871008109863
264.5845845845846        1.7741361354052967
264.8748748748749        1.8016786451853166
265.16516516516515       1.8608191951580864
265.4554554554555        1.9094454921894795
265.74574574574575       1.9572550940842943
266.036036036036         1.9752779942690126
266.32632632632635       2.0061787157601305
266.6166166166166        2.063919351860046
266.9069069069069        2.1224842658291925
267.1971971971972        2.21226393865147
267.4874874874875        2.21226393865147
267.77777777777777       2.239880950957354
268.0680680680681        2.3773944983562654
268.3583583583584        2.410828350711118
268.64864864864865       2.5216887329596824
268.938938938939         2.609305835823622
269.2292292292292        2.739337917192832
269.5195195195196        2.7703250617702713
269.8098098098098        3.021491379399689
270.1001001001001        3.021491379399689
270.3903903903904        3.1729746870649937
270.68068068068067       3.3494207932009705
270.970970970971         3.552011025397287
271.26126126126127       3.8075870669821446
271.55155155155154       3.8627806959235413
271.84184184184187       4.174802600345593
272.13213213213214       4.531906208940434
272.4224224224224        4.816857535901068
272.71271271271274       5.164331072823975
273.003003003003         5.36181434119063
273.29329329329335       6.21735667438783
273.58358358358356       6.660548763850867
273.8738738738739        7.726832000486159
274.16416416416416       9.324861568361928
274.4544544544545        10.881804879472332
274.74474474474476       13.79694024131067
275.035035035035         17.71366192997429
275.32532532532537       27.42385793028381
275.6156156156156        57.663935540022685
275.90590590590597       516.039350875018
276.1961961961962        47.187180489240504
276.48648648648646       24.461680858816287
276.7767767767768        16.335935455182085
277.06706706706706       12.052914710442794
277.3573573573574        10.081971017921544
277.64764764764766       8.484680832975156
277.937937937938         6.931128380980504
278.2282282282282        6.03150855469407
278.51851851851853       5.39662728655233
278.8088088088088        4.46441169204499
279.0990990990991        4.10148306740294
279.3893893893894        3.5801787638141644
279.6796796796797        3.2657641114213942
279.96996996996995       2.948133802817392
280.2602602602603        2.638352376509144
280.55055055055055       2.3483476544463437
280.8408408408409        1.9942145913791058
281.13113113113116       1.8794277777688373
281.4214214214214        1.6351596662333938
281.71171171171176       1.4232234782369244
282.002002002002         1.2516323573702421
282.2922922922923        1.0038700086687917
282.5825825825826        0.9701930298642769
282.8728728728729        0.77438028621522
283.1631631631632        0.5735502057466757
283.45345345345345       0.4060342836344708
283.7437437437438        0.2296467589007055
284.03403403403405       0.12832787489178044
284.3243243243244        0.017204471578173283
284.61461461461465       0.17555523102253665
284.90490490490487       0.33786362123900326
285.1951951951952        0.5193738385710337
285.48548548548547       0.6993156593399072
285.7757757757758        0.9069807274857579
286.06606606606607       0.9288667978340146
286.35635635635634       1.219223569083504
286.6466466466467        1.4264142943491844
286.93693693693695       1.6378527171846295
287.2272272272273        1.8963096910692723
287.51751751751755       2.0873437800397276
287.80780780780776       2.3236308400900625
288.0980980980981        2.7722358827654165
288.38838838838836       2.913234817842328
288.6786786786787        3.486209568344927
288.96896896896897       3.7574279893841394
289.2592592592593        4.39052401864092
289.54954954954957       4.767069996246332
289.83983983983984       5.480761263942781
290.13013013013017       6.230812555551155
290.42042042042044       7.011946396662539
290.71071071071077       7.9852208041576125
291.001001001001         9.303758700524366
291.29129129129126       10.633643803151646
291.5815815815816        12.870068895269565
291.87187187187186       15.859066106427443
292.1621621621622        19.88774143291224
292.45245245245246       25.62019538638434
292.7427427427428        36.756826199571144
293.03303303303306       39.3326365778364
293.32332332332334       102.20808091347513
293.61361361361367       1573.9329265307524
293.9039039039039        128.6100838361523
294.1941941941942        64.38773434629887
294.4844844844845        44.0041090158931
294.77477477477476       33.89575339695021
295.0650650650651        27.81140145571075
295.35535535535536       24.024369144863865
295.6456456456457        21.197128945473295
295.93593593593596       19.232817862367785
296.22622622622623       17.80961968194024
296.51651651651656       16.507180463904486
296.8068068068068        15.482196576352901
297.0970970970971        14.52298768291567
297.3873873873874        13.744726908189163
297.67767767767765       13.138402451799111
297.967967967968         12.755133952343392
298.25825825825825       12.395199102879609
298.5485485485486        12.030729845556905
298.83883883883885       11.706084599059462
299.1291291291292        11.513742050144977
299.41941941941946       11.302167728405076
299.7097097097097        11.098519577073997
300                      10.98446647456676
